2.000000000000000111e-01,3.195409393310547075e-01,1.324987030029297075e-01,6.419999999999999929e+00,0.000000000000000000e+00
2.001835572482230652e-01,1.324987030029297075e-01,1.587857818603515825e-01,6.419999999999999929e+00,0.000000000000000000e+00
2.002315242053153421e-01,1.324987030029297075e-01,2.547196960449218950e-01,6.419999999999999929e+00,3.750000000000000000e+05
2.010849669761570757e-01,1.002144775390624964e+00,1.324987030029297075e-01,6.419999999999999929e+00,0.000000000000000000e+00
2.014262688941868551e-01,1.684748611450195277e+00,1.324987030029297075e-01,6.419999999999999929e+00,3.750000000000000000e+05
2.029495971876472959e-01,1.324987030029297075e-01,3.506536102294922075e-01,6.419999999999999929e+00,0.000000000000000000e+00
2.029975641447395729e-01,1.324987030029297075e-01,4.465875244140625200e-01,6.419999999999999929e+00,3.750000000000000000e+05
2.051907761252634299e-01,2.367350540161132777e+00,1.324987030029297075e-01,6.419999999999999929e+00,0.000000000000000000e+00
2.055320780432932093e-01,3.049954376220703089e+00,1.324987030029297075e-01,6.419999999999999929e+00,3.750000000000000000e+05
2.083951755464357458e-01,1.324987030029297075e-01,5.425214385986327770e-01,6.419999999999999929e+00,0.000000000000000000e+00
2.084431415498537166e-01,1.324987030029297075e-01,6.384534454345702770e-01,6.419999999999999929e+00,3.750000000000000000e+05
2.119761243176443155e-01,3.732558212280273402e+00,1.324987030029297075e-01,6.419999999999999929e+00,0.000000000000000000e+00
2.123174252819997887e-01,4.415160140991210902e+00,1.324987030029297075e-01,6.419999999999999929e+00,3.750000000000000000e+05
2.165202917368536373e-01,1.324987030029297075e-01,7.343873596191405895e-01,6.419999999999999929e+00,0.000000000000000000e+00
2.165682586939459142e-01,1.324987030029297075e-01,8.303212738037109020e-01,6.419999999999999929e+00,3.750000000000000000e+05
2.214410106714184423e-01,5.097763977050781214e+00,1.324987030029297075e-01,6.419999999999999929e+00,0.000000000000000000e+00
2.217823125894482217e-01,5.780367813110351527e+00,1.324987030029297075e-01,6.419999999999999929e+00,3.750000000000000000e+05
2.273249500895394015e-01,1.324987030029297075e-01,9.262551879882812145e-01,6.419999999999999929e+00,0.000000000000000000e+00
2.273729170466316785e-01,1.324987030029297075e-01,1.022189102172851527e+00,6.419999999999999929e+00,3.750000000000000000e+05
2.335854382337862190e-01,6.462969741821289027e+00,1.324987030029297075e-01,6.419999999999999929e+00,0.000000000000000000e+00
2.339267401518159983e-01,7.145573577880859339e+00,1.324987030029297075e-01,6.419999999999999929e+00,3.750000000000000000e+05
2.408091468615892183e-01,1.324987030029297075e-01,1.118123016357421839e+00,6.419999999999999929e+00,0.000000000000000000e+00
2.408571138186814953e-01,1.324987030029297075e-01,1.214056930541992152e+00,6.419999999999999929e+00,3.750000000000000000e+05
2.484094051332957354e-01,7.828176460266113246e+00,1.324987030029297075e-01,6.419999999999999929e+00,0.000000000000000000e+00
2.487507070513255147e-01,8.510780296325684446e+00,1.324987030029297075e-01,6.419999999999999929e+00,3.750000000000000000e+05
2.569728836305878450e-01,1.324987030029297075e-01,1.309988937377929652e+00,6.419999999999999929e+00,0.000000000000000000e+00
2.570208505876801497e-01,1.324987030029297075e-01,1.405922851562499964e+00,6.419999999999999929e+00,3.750000000000000000e+05
2.659129117717834445e-01,9.193383178710938353e+00,1.324987030029297075e-01,6.419999999999999929e+00,0.000000000000000000e+00
2.662542132129760986e-01,9.875986061096192259e+00,1.324987030029297075e-01,6.419999999999999929e+00,3.750000000000000000e+05
2.758161590019204135e-01,1.324987030029297075e-01,1.501856765747070277e+00,6.419999999999999929e+00,0.000000000000000000e+00
2.758641259590127182e-01,1.324987030029297075e-01,1.597790679931640589e+00,6.419999999999999929e+00,3.750000000000000000e+05
2.860959572705756848e-01,1.055858989715576257e+01,1.324987030029297075e-01,6.419999999999999929e+00,0.000000000000000000e+00
2.864372587117683389e-01,1.124119277954101648e+01,1.324987030029297075e-01,6.419999999999999929e+00,3.750000000000000000e+05
2.973389746281723256e-01,1.324987030029297075e-01,1.693724594116210902e+00,6.419999999999999929e+00,0.000000000000000000e+00
2.973869415852646303e-01,1.324987030029297075e-01,1.789658508300781214e+00,6.419999999999999929e+00,3.750000000000000000e+05
3.089585421065096371e-01,1.192379566192627038e+01,1.324987030029297075e-01,6.419999999999999929e+00,0.000000000000000000e+00
3.092998435477022912e-01,1.260639854431152429e+01,1.324987030029297075e-01,6.419999999999999929e+00,3.750000000000000000e+05
3.215413285448029956e-01,1.324987030029297075e-01,1.885591468811035121e+00,6.419999999999999929e+00,0.000000000000000000e+00
3.215892955018953003e-01,1.324987030029297075e-01,1.981525382995605433e+00,6.419999999999999929e+00,3.750000000000000000e+05
3.345006660216146566e-01,1.328900238037109460e+01,1.324987030029297075e-01,6.419999999999999929e+00,0.000000000000000000e+00
3.348419674628073106e-01,1.397160526275634851e+01,1.324987030029297075e-01,6.419999999999999929e+00,3.750000000000000000e+05
3.484232224583824200e-01,1.324987030029297075e-01,2.077458343505859339e+00,6.419999999999999929e+00,0.000000000000000000e+00
3.484711894154747247e-01,1.324987030029297075e-01,2.173392257690429652e+00,6.419999999999999929e+00,3.750000000000000000e+05
3.627223290158907987e-01,1.465420814514160242e+01,1.324987030029297075e-01,6.419999999999999929e+00,0.000000000000000000e+00
3.630636309339205781e-01,1.533681198120117273e+01,1.324987030029297075e-01,6.419999999999999929e+00,3.750000000000000000e+05
3.779846560569553593e-01,1.324987030029297075e-01,2.269326171874999964e+00,6.419999999999999929e+00,0.000000000000000000e+00
3.780326225372104831e-01,1.324987030029297075e-01,2.365259132385253871e+00,6.419999999999999929e+00,3.750000000000000000e+05
3.936235321361009620e-01,1.601941486358642663e+01,1.324987030029297075e-01,6.419999999999999929e+00,0.000000000000000000e+00
3.939648340541307414e-01,1.670201869964599695e+01,1.324987030029297075e-01,6.419999999999999929e+00,3.750000000000000000e+05
4.102256291756399276e-01,1.324987030029297075e-01,2.461193046569824183e+00,6.419999999999999929e+00,0.000000000000000000e+00
4.102735961327322323e-01,1.324987030029297075e-01,2.557126960754394496e+00,6.419999999999999929e+00,3.750000000000000000e+05
4.272042749413047513e-01,1.738462062835693445e+01,1.324987030029297075e-01,6.419999999999999929e+00,0.000000000000000000e+00
4.275455768593345307e-01,1.806722446441650476e+01,1.324987030029297075e-01,6.419999999999999929e+00,3.750000000000000000e+05
4.451461411905257015e-01,1.324987030029297075e-01,2.653060874938964808e+00,6.419999999999999929e+00,0.000000000000000000e+00
4.451941076707808254e-01,1.324987030029297075e-01,2.748993835449218714e+00,6.419999999999999929e+00,3.750000000000000000e+05
4.634645573956053810e-01,1.874982830047607507e+01,1.324987030029297075e-01,6.419999999999999929e+00,0.000000000000000000e+00
4.638058583599608542e-01,1.943243022918701257e+01,1.324987030029297075e-01,6.419999999999999929e+00,3.750000000000000000e+05
4.827461917718487427e-01,1.324987030029297075e-01,2.844927749633789027e+00,6.419999999999999929e+00,0.000000000000000000e+00
4.827941587289410474e-01,1.324987030029297075e-01,2.940861663818359339e+00,6.419999999999999929e+00,3.750000000000000000e+05
5.024043776634475877e-01,2.011503406524658288e+01,1.324987030029297075e-01,6.419999999999999929e+00,0.000000000000000000e+00
5.027456795218727681e-01,2.079763778209686365e+01,1.324987030029297075e-01,6.419999999999999929e+00,3.750000000000000000e+05
5.230257837352905170e-01,1.324987030029297075e-01,3.036794624328613246e+00,6.419999999999999929e+00,0.000000000000000000e+00
5.230737506923828217e-01,1.324987030029297075e-01,3.132728538513183558e+00,6.419999999999999929e+00,3.750000000000000000e+05
5.440237385928639036e-01,2.148023971080780115e+01,1.324987030029297075e-01,6.419999999999999929e+00,0.000000000000000000e+00
5.443650405108937385e-01,2.216284354686737146e+01,1.324987030029297075e-01,6.419999999999999929e+00,3.750000000000000000e+05
5.659849139339935276e-01,1.324987030029297075e-01,3.228662452697753871e+00,6.419999999999999929e+00,0.000000000000000000e+00
5.660328804142487069e-01,1.324987030029297075e-01,3.324595413208007777e+00,6.419999999999999929e+00,3.750000000000000000e+05
5.883226373954265620e-01,2.284544547557830896e+01,1.324987030029297075e-01,6.419999999999999929e+00,0.000000000000000000e+00
5.886639393134563969e-01,2.352804931163787927e+01,1.324987030029297075e-01,6.419999999999999929e+00,3.750000000000000000e+05
6.116235818172528482e-01,1.324987030029297075e-01,3.420529327392578089e+00,6.419999999999999929e+00,0.000000000000000000e+00
6.116715487743451529e-01,1.324987030029297075e-01,3.516463241577148402e+00,6.419999999999999929e+00,3.750000000000000000e+05
6.353010768007603115e-01,2.421065314769744958e+01,1.324987030029297075e-01,6.419999999999999929e+00,0.000000000000000000e+00
6.356423778247204392e-01,2.489325519561767663e+01,1.324987030029297075e-01,6.419999999999999929e+00,3.750000000000000000e+05
6.599417895239358955e-01,1.324987030029297075e-01,3.612396202087402308e+00,6.419999999999999929e+00,0.000000000000000000e+00
6.599897564810282002e-01,1.324987030029297075e-01,3.708330116271972621e+00,6.419999999999999929e+00,3.750000000000000000e+05
6.849590537028622528e-01,2.557585903167724695e+01,1.324987030029297075e-01,6.419999999999999929e+00,0.000000000000000000e+00
6.853003556208920877e-01,2.625846286773681726e+01,1.324987030029297075e-01,6.419999999999999929e+00,3.750000000000000000e+05
7.109395383653448475e-01,1.324987030029297075e-01,3.804264030456542933e+00,6.419999999999999929e+00,0.000000000000000000e+00
7.109875053224371522e-01,1.324987030029297075e-01,3.900197944641113246e+00,6.419999999999999929e+00,3.750000000000000000e+05
7.372965717539532449e-01,2.694106479644775476e+01,1.324987030029297075e-01,6.419999999999999929e+00,0.000000000000000000e+00
7.376378736719830798e-01,2.762366863250732507e+01,1.324987030029297075e-01,6.419999999999999929e+00,3.750000000000000000e+05
7.646168254971326128e-01,1.324987030029297075e-01,3.996130905151367152e+00,6.419999999999999929e+00,0.000000000000000000e+00
7.646647924542249175e-01,1.324987030029297075e-01,4.092064819335937464e+00,6.419999999999999929e+00,3.750000000000000000e+05
7.923136298019930468e-01,2.830627246856689538e+01,1.324987030029297075e-01,6.419999999999999929e+00,0.000000000000000000e+00
7.926549307663485200e-01,2.898887439727783288e+01,1.324987030029297075e-01,6.419999999999999929e+00,3.750000000000000000e+05
8.209736518011799822e-01,1.324987030029297075e-01,4.187998733520507777e+00,6.419999999999999929e+00,0.000000000000000000e+00
8.210216182814351615e-01,1.324987030029297075e-01,4.283931694030761683e+00,6.419999999999999929e+00,3.750000000000000000e+05
8.500102247099000641e-01,2.967147823333740320e+01,1.324987030029297075e-01,6.419999999999999929e+00,0.000000000000000000e+00
8.503515266279298990e-01,3.035408206939697351e+01,1.324987030029297075e-01,6.419999999999999929e+00,3.750000000000000000e+05
8.800100185790133978e-01,1.324987030029297075e-01,4.379865608215331996e+00,6.419999999999999929e+00,0.000000000000000000e+00
8.800579855361057025e-01,1.324987030029297075e-01,4.475799522399902308e+00,6.419999999999999929e+00,3.750000000000000000e+05
9.103863611742525341e-01,3.103668399810791101e+01,1.324987030029297075e-01,6.419999999999999929e+00,0.000000000000000000e+00
9.107276630922823690e-01,3.171928783416748132e+01,1.324987030029297075e-01,6.419999999999999929e+00,3.750000000000000000e+05
9.417259242530479080e-01,1.324987030029297075e-01,4.571733436584472621e+00,6.419999999999999929e+00,0.000000000000000000e+00
9.417738907333030873e-01,1.324987030029297075e-01,4.667666397094726527e+00,6.419999999999999929e+00,3.750000000000000000e+05
9.734420354521466923e-01,3.240188976287841882e+01,1.324987030029297075e-01,6.419999999999999929e+00,0.000000000000000000e+00
9.737833383238507778e-01,3.308449550628662195e+01,1.324987030029297075e-01,6.419999999999999929e+00,3.750000000000000000e+05
1.006121370400868464e+00,1.324987030029297075e-01,4.763600311279296839e+00,6.419999999999999929e+00,0.000000000000000000e+00
1.006169337357960769e+00,1.324987030029297075e-01,4.859534225463867152e+00,6.419999999999999929e+00,3.750000000000000000e+05
1.039177253122041789e+00,3.376709743499755945e+01,1.324987030029297075e-01,6.419999999999999929e+00,0.000000000000000000e+00
1.039518554086397151e+00,3.444969936370849695e+01,1.324987030029297075e-01,6.419999999999999929e+00,3.750000000000000000e+05
1.073196353408556236e+00,1.324987030029297075e-01,4.955467185974121058e+00,6.419999999999999929e+00,0.000000000000000000e+00
1.073244320365648541e+00,1.324987030029297075e-01,5.051401100158691371e+00,6.419999999999999929e+00,3.750000000000000000e+05
1.107592007045981486e+00,3.513230510711670007e+01,1.324987030029297075e-01,6.419999999999999929e+00,0.000000000000000000e+00
1.107933308010336848e+00,3.581490703582763757e+01,1.324987030029297075e-01,6.419999999999999929e+00,3.750000000000000000e+05
1.142950878377733126e+00,1.324987030029297075e-01,5.147335014343261683e+00,6.419999999999999929e+00,0.000000000000000000e+00
1.142998844857988194e+00,1.324987030029297075e-01,5.243267974853515589e+00,6.419999999999999929e+00,3.750000000000000000e+05
1.178686298783462538e+00,3.649750896453857507e+01,1.324987030029297075e-01,6.419999999999999929e+00,0.000000000000000000e+00
1.179027601655166624e+00,3.718011470794677820e+01,1.324987030029297075e-01,6.419999999999999929e+00,3.750000000000000000e+05
1.215384942938815049e+00,1.324987030029297075e-01,5.339201889038085902e+00,6.419999999999999929e+00,0.000000000000000000e+00
1.215432909895907354e+00,1.324987030029297075e-01,5.435135803222656214e+00,6.419999999999999929e+00,3.750000000000000000e+05
1.252460134866619113e+00,3.786271663665771570e+01,1.324987030029297075e-01,6.419999999999999929e+00,0.000000000000000000e+00
1.252801435354137460e+00,3.854531761169433679e+01,1.324987030029297075e-01,6.419999999999999929e+00,3.750000000000000000e+05
1.290498542965149653e+00,1.324987030029297075e-01,5.531068763732910121e+00,6.419999999999999929e+00,0.000000000000000000e+00
1.290546509922241958e+00,1.324987030029297075e-01,5.627002677917480433e+00,6.419999999999999929e+00,3.750000000000000000e+05
1.328913504891428010e+00,3.922792335510253992e+01,1.324987030029297075e-01,6.419999999999999929e+00,0.000000000000000000e+00
1.329254805855783372e+00,3.991052528381347742e+01,1.324987030029297075e-01,6.419999999999999929e+00,3.750000000000000000e+05
1.368291684512032758e+00,1.324987030029297075e-01,5.722936592102050746e+00,6.419999999999999929e+00,0.000000000000000000e+00
1.368339650992287826e+00,1.324987030029297075e-01,5.818869552612304652e+00,6.419999999999999929e+00,3.750000000000000000e+05
1.408046413206615277e+00,4.059312721252441492e+01,1.324987030029297075e-01,6.419999999999999929e+00,0.000000000000000000e+00
1.408387716078319363e+00,4.127573295593261804e+01,1.324987030029297075e-01,6.419999999999999929e+00,3.750000000000000000e+05
1.448764365650820896e+00,1.324987030029297075e-01,5.914803466796874964e+00,6.419999999999999929e+00,0.000000000000000000e+00
1.448812332607913200e+00,1.324987030029297075e-01,6.010737380981445277e+00,6.419999999999999929e+00,3.750000000000000000e+05
1.489858865867478066e+00,4.195833488464355554e+01,1.324987030029297075e-01,6.419999999999999929e+00,0.000000000000000000e+00
1.490200166831833428e+00,4.264093681335449304e+01,1.324987030029297075e-01,6.419999999999999929e+00,3.750000000000000000e+05
1.531916583778461627e+00,1.324987030029297075e-01,6.106671295166015589e+00,6.419999999999999929e+00,0.000000000000000000e+00
1.531964550258716695e+00,1.324987030029297075e-01,6.202604255676269496e+00,6.419999999999999929e+00,3.750000000000000000e+05
1.574350854434533709e+00,4.332354255676269617e+01,1.324987030029297075e-01,6.419999999999999929e+00,0.000000000000000000e+00
1.574692155398889071e+00,4.400614448547363367e+01,1.324987030029297075e-01,6.419999999999999929e+00,3.750000000000000000e+05
1.617748343261769417e+00,1.324987030029297075e-01,6.298538169860839808e+00,6.419999999999999929e+00,0.000000000000000000e+00
1.617796310218861722e+00,1.324987030029297075e-01,6.394472084045410121e+00,6.419999999999999929e+00,3.750000000000000000e+05
1.661522381768805401e+00,4.468874641418457117e+01,1.324987030029297075e-01,6.419999999999999929e+00,0.000000000000000000e+00
1.661605684222276613e+00,4.483750053405761804e+01,2.075280761718750200e-01,6.419999999999999929e+00,3.750000000000000000e+05
1.705477737960826135e+00,1.324987030029297075e-01,6.490405044555664027e+00,6.419999999999999929e+00,0.000000000000000000e+00
1.705525704917918439e+00,1.324987030029297075e-01,6.586338958740234339e+00,6.419999999999999929e+00,3.750000000000000000e+05
1.749397758914438494e+00,4.483750053405761804e+01,3.034600830078125200e-01,6.419999999999999929e+00,0.000000000000000000e+00
1.749445725871530799e+00,4.483750053405761804e+01,3.993939971923828325e-01,6.419999999999999929e+00,3.750000000000000000e+05
1.793317779868050854e+00,1.324987030029297075e-01,6.682272872924804652e+00,6.419999999999999929e+00,0.000000000000000000e+00
1.793365746348305922e+00,1.324987030029297075e-01,6.778205833435058558e+00,6.419999999999999929e+00,3.750000000000000000e+05
1.837237800215840711e+00,4.483750053405761804e+01,4.953279113769531450e-01,6.419999999999999929e+00,0.000000000000000000e+00
1.837285767172933015e+00,4.483750053405761804e+01,5.912618255615234020e-01,6.419999999999999929e+00,3.750000000000000000e+05
1.881157821040467804e+00,1.324987030029297075e-01,6.874139747619628871e+00,6.419999999999999929e+00,0.000000000000000000e+00
1.881205787997560108e+00,1.324987030029297075e-01,6.970073661804199183e+00,6.419999999999999929e+00,3.750000000000000000e+05
1.925077841865094896e+00,4.483750053405761804e+01,6.871957397460937145e-01,6.419999999999999929e+00,0.000000000000000000e+00
1.925125808822187201e+00,4.483750053405761804e+01,7.831296539306640270e-01,6.419999999999999929e+00,3.750000000000000000e+05
1.968997862560736722e+00,1.324987030029297075e-01,7.066006622314453089e+00,6.419999999999999929e+00,0.000000000000000000e+00
1.969045829517829027e+00,1.324987030029297075e-01,7.161940536499023402e+00,6.419999999999999929e+00,3.750000000000000000e+05
2.012917883514349082e+00,4.483750053405761804e+01,8.790616607666015270e-01,6.419999999999999929e+00,0.000000000000000000e+00
2.012965850471441165e+00,4.483750053405761804e+01,9.749955749511718395e-01,6.419999999999999929e+00,3.750000000000000000e+05
2.056837904467961220e+00,1.324987030029297075e-01,7.257874450683593714e+00,6.419999999999999929e+00,0.000000000000000000e+00
2.056885871425053303e+00,1.324987030029297075e-01,7.353808364868164027e+00,6.419999999999999929e+00,3.750000000000000000e+05
2.100757925421573358e+00,4.483750053405761804e+01,1.070929489135742152e+00,6.419999999999999929e+00,0.000000000000000000e+00
2.100805892378665440e+00,4.483750053405761804e+01,1.166863403320312464e+00,6.419999999999999929e+00,3.750000000000000000e+05
2.144677946246200229e+00,1.324987030029297075e-01,7.449741325378417933e+00,6.419999999999999929e+00,0.000000000000000000e+00
2.144725913203292311e+00,1.324987030029297075e-01,7.545675239562988246e+00,6.419999999999999929e+00,3.750000000000000000e+05
2.188597967070827099e+00,4.483750053405761804e+01,1.262797317504882777e+00,6.419999999999999929e+00,0.000000000000000000e+00
2.188645934027919182e+00,4.483750053405761804e+01,1.358731231689453089e+00,6.419999999999999929e+00,3.750000000000000000e+05
2.232517987895453970e+00,1.324987030029297075e-01,7.641609153747558558e+00,6.419999999999999929e+00,0.000000000000000000e+00
2.232565954375709261e+00,1.324987030029297075e-01,7.737542114257812464e+00,6.419999999999999929e+00,3.750000000000000000e+05
2.276438008114258782e+00,4.483750053405761804e+01,1.454665145874023402e+00,6.419999999999999929e+00,0.000000000000000000e+00
2.276485974117676836e+00,4.483750053405761804e+01,1.550597152709960902e+00,6.419999999999999929e+00,3.750000000000000000e+05
2.320358028114196891e+00,1.324987030029297075e-01,7.833476028442382777e+00,6.419999999999999929e+00,0.000000000000000000e+00
2.320405995071288974e+00,1.324987030029297075e-01,7.929409942626953089e+00,6.419999999999999929e+00,3.750000000000000000e+05
2.364278049067809029e+00,4.483750053405761804e+01,1.646531066894531214e+00,6.419999999999999929e+00,0.000000000000000000e+00
2.364326016024901111e+00,4.483750053405761804e+01,1.742464981079101527e+00,6.419999999999999929e+00,3.750000000000000000e+05
2.408198069892435900e+00,1.324987030029297075e-01,8.025342903137207884e+00,6.419999999999999929e+00,0.000000000000000000e+00
2.408246036849527982e+00,1.324987030029297075e-01,8.121276817321778196e+00,6.419999999999999929e+00,3.750000000000000000e+05
2.452118090717062771e+00,4.483750053405761804e+01,1.838398895263671839e+00,6.419999999999999929e+00,0.000000000000000000e+00
2.452166057197318061e+00,4.483750053405761804e+01,1.934331855773925746e+00,6.419999999999999929e+00,3.750000000000000000e+05
2.496038111193838116e+00,1.324987030029297075e-01,8.217210731506348509e+00,6.419999999999999929e+00,0.000000000000000000e+00
2.496086078150930199e+00,1.324987030029297075e-01,8.313144645690918821e+00,6.419999999999999929e+00,3.750000000000000000e+05
2.539958132147450254e+00,4.483750053405761804e+01,2.030265769958496058e+00,6.419999999999999929e+00,0.000000000000000000e+00
2.540006099104542336e+00,4.483750053405761804e+01,2.126199684143066371e+00,6.419999999999999929e+00,3.750000000000000000e+05
2.583878152972077125e+00,1.324987030029297075e-01,8.409077606201172728e+00,6.419999999999999929e+00,0.000000000000000000e+00
2.583926119929169207e+00,1.324987030029297075e-01,8.505011520385743040e+00,6.419999999999999929e+00,3.750000000000000000e+05
2.627798173796703995e+00,4.483750053405761804e+01,2.222133598327636683e+00,6.419999999999999929e+00,0.000000000000000000e+00
2.627846140276959286e+00,4.483750053405761804e+01,2.318066558837890589e+00,6.419999999999999929e+00,3.750000000000000000e+05
2.671718194273479341e+00,1.324987030029297075e-01,8.600945434570313353e+00,6.419999999999999929e+00,0.000000000000000000e+00
2.671766160753734631e+00,1.324987030029297075e-01,8.696878395080567259e+00,6.419999999999999929e+00,3.750000000000000000e+05
2.715638214621269420e+00,4.483750053405761804e+01,2.414000473022460902e+00,6.419999999999999929e+00,0.000000000000000000e+00
2.715686181578361502e+00,4.483750053405761804e+01,2.509934387207031214e+00,6.419999999999999929e+00,3.750000000000000000e+05
2.759558235445896290e+00,1.324987030029297075e-01,8.792812309265137571e+00,6.419999999999999929e+00,0.000000000000000000e+00
2.759606202402988373e+00,1.324987030029297075e-01,8.888746223449707884e+00,6.419999999999999929e+00,3.750000000000000000e+05
2.803478256399508428e+00,4.483750053405761804e+01,2.605867347717285121e+00,6.419999999999999929e+00,0.000000000000000000e+00
2.803526223356600511e+00,4.483750053405761804e+01,2.701801261901855433e+00,6.419999999999999929e+00,3.750000000000000000e+05
2.847398277353120566e+00,1.324987030029297075e-01,8.984680137634278196e+00,6.419999999999999929e+00,0.000000000000000000e+00
2.847446243833375856e+00,1.324987030029297075e-01,9.080613098144532103e+00,6.419999999999999929e+00,3.750000000000000000e+05
2.891318297700910644e+00,4.483750053405761804e+01,2.797735176086425746e+00,6.419999999999999929e+00,0.000000000000000000e+00
2.891366264181165935e+00,4.483750053405761804e+01,2.893668136596679652e+00,6.419999999999999929e+00,3.750000000000000000e+05
2.935238318177685990e+00,1.324987030029297075e-01,9.176547012329102415e+00,6.419999999999999929e+00,0.000000000000000000e+00
2.935286285134778073e+00,1.324987030029297075e-01,9.272480926513672728e+00,6.419999999999999929e+00,3.750000000000000000e+05
2.979158339131298128e+00,4.483750053405761804e+01,2.989602050781249964e+00,6.419999999999999929e+00,0.000000000000000000e+00
2.979206306088390210e+00,4.483750053405761804e+01,3.085535964965820277e+00,6.419999999999999929e+00,3.750000000000000000e+05
3.023078359955924999e+00,1.324987030029297075e-01,9.368413887023926634e+00,6.419999999999999929e+00,0.000000000000000000e+00
3.023126326913017081e+00,1.324987030029297075e-01,9.464347801208496946e+00,6.419999999999999929e+00,3.750000000000000000e+05
3.066998380780551869e+00,4.483750053405761804e+01,3.181469879150390589e+00,6.419999999999999929e+00,0.000000000000000000e+00
3.067046347260807160e+00,4.483750053405761804e+01,3.277402839660644496e+00,6.419999999999999929e+00,3.750000000000000000e+05
3.110918401257327215e+00,1.324987030029297075e-01,9.560281715393067259e+00,6.419999999999999929e+00,0.000000000000000000e+00
3.110966367737582505e+00,1.324987030029297075e-01,9.656214675903321165e+00,6.419999999999999929e+00,3.750000000000000000e+05
3.154838421605117293e+00,4.483750053405761804e+01,3.373336753845214808e+00,6.419999999999999929e+00,0.000000000000000000e+00
3.154886388562209376e+00,4.483750053405761804e+01,3.469270668029785121e+00,6.419999999999999929e+00,3.750000000000000000e+05
3.198758442429744164e+00,1.324987030029297075e-01,9.752148590087891478e+00,6.419999999999999929e+00,0.000000000000000000e+00
3.198806409386836247e+00,1.324987030029297075e-01,9.848082504272461790e+00,6.419999999999999929e+00,3.750000000000000000e+05
3.242678463383356302e+00,4.483750053405761804e+01,3.565203628540039027e+00,6.419999999999999929e+00,0.000000000000000000e+00
3.242726430340448385e+00,4.483750053405761804e+01,3.661137542724609339e+00,6.419999999999999929e+00,3.750000000000000000e+05
3.286598484143490317e+00,1.324987030029297075e-01,9.944014987945557493e+00,6.419999999999999929e+00,0.000000000000000000e+00
3.286646451100582400e+00,1.324987030029297075e-01,1.003994890213012781e+01,6.419999999999999929e+00,3.750000000000000000e+05
3.330518504903624333e+00,4.483750053405761804e+01,3.757071456909179652e+00,6.419999999999999929e+00,0.000000000000000000e+00
3.330566471383879623e+00,4.483750053405761804e+01,3.853004417419433558e+00,6.419999999999999929e+00,3.750000000000000000e+05
3.374438525315906823e+00,1.324987030029297075e-01,1.013588281631469812e+01,6.419999999999999929e+00,0.000000000000000000e+00
3.374486492272998905e+00,1.324987030029297075e-01,1.023181673049926843e+01,6.419999999999999929e+00,3.750000000000000000e+05
3.418358546205026105e+00,4.483750053405761804e+01,3.948938331604003871e+00,6.419999999999999929e+00,0.000000000000000000e+00
3.418406513162118188e+00,4.483750053405761804e+01,4.044872245788574183e+00,6.419999999999999929e+00,3.750000000000000000e+05
3.462278566965160120e+00,1.324987030029297075e-01,1.032774969100952234e+01,6.419999999999999929e+00,0.000000000000000000e+00
3.462326533922252203e+00,1.324987030029297075e-01,1.042368360519409265e+01,6.419999999999999929e+00,3.750000000000000000e+05
3.506198587725294136e+00,4.483750053405761804e+01,4.140806159973144496e+00,6.419999999999999929e+00,0.000000000000000000e+00
3.506246554205549426e+00,4.483750053405761804e+01,4.236739120483398402e+00,6.419999999999999929e+00,3.750000000000000000e+05
3.550118608137576626e+00,1.324987030029297075e-01,1.051961751937866296e+01,6.419999999999999929e+00,0.000000000000000000e+00
3.550166574617831916e+00,1.324987030029297075e-01,1.061555047988891687e+01,6.419999999999999929e+00,3.750000000000000000e+05
3.594038628420873849e+00,4.483750053405761804e+01,4.332673034667968714e+00,6.419999999999999929e+00,0.000000000000000000e+00
3.594086595377965931e+00,4.483750053405761804e+01,4.428606948852539027e+00,6.419999999999999929e+00,3.750000000000000000e+05
3.637442025689543890e+00,6.589307403564452770e-01,1.063749929428100671e+01,6.419999999999999929e+00,0.000000000000000000e+00
3.637783327607573725e+00,1.341534576416015589e+00,1.063749929428100671e+01,6.419999999999999929e+00,3.750000000000000000e+05
3.680468872525518353e+00,4.483750053405761804e+01,4.524539909362792933e+00,6.419999999999999929e+00,0.000000000000000000e+00
3.680516839482610436e+00,4.483750053405761804e+01,4.620473823547363246e+00,6.419999999999999929e+00,3.750000000000000000e+05
3.722532498877936025e+00,2.024138412475585902e+00,1.063749929428100671e+01,6.419999999999999929e+00,0.000000000000000000e+00
3.722873799842291387e+00,2.706740341186523402e+00,1.063749929428100671e+01,6.419999999999999929e+00,3.750000000000000000e+05
3.764219575550553643e+00,4.483750053405761804e+01,4.716407737731933558e+00,6.419999999999999929e+00,0.000000000000000000e+00
3.764267542030808933e+00,4.483750053405761804e+01,4.812340698242187464e+00,6.419999999999999929e+00,3.750000000000000000e+05
3.804943432345437859e+00,3.389344177246093714e+00,1.063749929428100671e+01,6.419999999999999929e+00,0.000000000000000000e+00
3.805284734263467694e+00,4.071948013305664027e+00,1.063749929428100671e+01,6.419999999999999929e+00,3.750000000000000000e+05
3.845290739055478024e+00,4.483750053405761804e+01,4.908274612426757777e+00,6.419999999999999929e+00,0.000000000000000000e+00
3.845338706012570107e+00,4.483750053405761804e+01,5.004208526611328089e+00,6.419999999999999929e+00,3.750000000000000000e+05
3.884674827117517104e+00,4.754549942016601527e+00,1.063749929428100671e+01,6.419999999999999929e+00,0.000000000000000000e+00
3.885016129035546939e+00,5.437153778076171839e+00,1.063749929428100671e+01,6.419999999999999929e+00,3.750000000000000000e+05
3.923682364746860607e+00,4.483750053405761804e+01,5.100141487121581996e+00,6.419999999999999929e+00,0.000000000000000000e+00
3.923730331703952690e+00,4.483750053405761804e+01,5.196075401306152308e+00,6.419999999999999929e+00,3.750000000000000000e+05
3.961726681892647761e+00,6.119757614135742152e+00,1.063749929428100671e+01,6.419999999999999929e+00,0.000000000000000000e+00
3.962067983333840360e+00,6.802360496520996058e+00,1.063749929428100671e+01,6.419999999999999929e+00,3.750000000000000000e+05
3.999394448917694245e+00,4.483750053405761804e+01,5.292009315490722621e+00,6.419999999999999929e+00,0.000000000000000000e+00
3.999442415874786327e+00,4.483750053405761804e+01,5.387943229675292933e+00,6.419999999999999929e+00,3.750000000000000000e+05
4.036098996853799470e+00,7.484963378906249964e+00,1.063749929428100671e+01,6.419999999999999929e+00,0.000000000000000000e+00
4.036440298294992068e+00,8.167566261291504759e+00,1.063749929428100671e+01,6.419999999999999929e+00,3.750000000000000000e+05
4.072426994798149735e+00,4.483750053405761804e+01,5.483876190185546839e+00,6.419999999999999929e+00,0.000000000000000000e+00
4.072474961755242262e+00,4.483750053405761804e+01,5.579810104370117152e+00,6.419999999999999929e+00,3.750000000000000000e+05
4.107791772735780889e+00,8.850170097351075071e+00,1.063749929428100671e+01,6.419999999999999929e+00,0.000000000000000000e+00
4.108133074176973487e+00,9.532772979736328978e+00,1.063749929428100671e+01,6.419999999999999929e+00,3.750000000000000000e+05
4.142780000552670927e+00,4.483750053405761804e+01,5.675744018554687464e+00,6.419999999999999929e+00,0.000000000000000000e+00
4.142827967032926217e+00,4.483750053405761804e+01,5.771676979064941371e+00,6.419999999999999929e+00,3.750000000000000000e+05
4.176805008932768182e+00,1.021537586212158288e+01,1.063749929428100671e+01,6.419999999999999929e+00,0.000000000000000000e+00
4.177146310850798017e+00,1.089797969818115320e+01,1.063749929428100671e+01,6.419999999999999929e+00,3.750000000000000000e+05
4.210453467228020941e+00,4.483750053405761804e+01,5.867610893249511683e+00,6.419999999999999929e+00,0.000000000000000000e+00
4.210501434185113467e+00,4.483750053405761804e+01,5.963544807434081996e+00,6.419999999999999929e+00,3.750000000000000000e+05
4.243138705957496093e+00,1.158058258056640710e+01,1.063749929428100671e+01,6.419999999999999929e+00,0.000000000000000000e+00
4.243480007398688691e+00,1.226318546295166101e+01,1.063749929428100671e+01,6.419999999999999929e+00,3.750000000000000000e+05
4.275447394695214953e+00,4.483750053405761804e+01,6.059477767944335902e+00,6.419999999999999929e+00,0.000000000000000000e+00
4.275495361652307480e+00,4.483750053405761804e+01,6.155411682128906214e+00,6.419999999999999929e+00,3.750000000000000000e+05
4.306792864343992555e+00,1.294578834533691492e+01,1.063749929428100671e+01,6.419999999999999929e+00,0.000000000000000000e+00
4.307134166262022390e+00,1.362839218139648523e+01,1.063749929428100671e+01,6.419999999999999929e+00,3.750000000000000000e+05
4.337761783431089313e+00,4.483750053405761804e+01,6.251345596313476527e+00,6.419999999999999929e+00,0.000000000000000000e+00
4.337809749911344603e+00,4.483750053405761804e+01,6.347278556823730433e+00,6.419999999999999929e+00,3.750000000000000000e+05
4.367767482604556051e+00,1.431099506378173913e+01,1.063749929428100671e+01,6.419999999999999929e+00,0.000000000000000000e+00
4.368108784045748649e+00,1.499359794616699304e+01,1.063749929428100671e+01,6.419999999999999929e+00,3.750000000000000000e+05
4.397396632134118910e+00,4.483750053405761804e+01,6.443212471008300746e+00,6.419999999999999929e+00,0.000000000000000000e+00
4.397444599091211437e+00,4.483750053405761804e+01,6.539146385192871058e+00,6.419999999999999929e+00,3.750000000000000000e+05
4.426062561656962657e+00,1.567620178222656335e+01,1.063749929428100671e+01,6.419999999999999929e+00,0.000000000000000000e+00
4.426403863098155256e+00,1.635880466461181726e+01,1.063749929428100671e+01,6.419999999999999929e+00,3.750000000000000000e+05
4.454351941059065290e+00,4.483750053405761804e+01,6.635080299377441371e+00,6.419999999999999929e+00,0.000000000000000000e+00
4.454399907539320580e+00,4.483750053405761804e+01,6.731013259887695277e+00,6.419999999999999929e+00,3.750000000000000000e+05
4.481678100106597284e+00,1.704140850067138757e+01,1.063749929428100671e+01,6.419999999999999929e+00,0.000000000000000000e+00
4.482019401070952647e+00,1.772401042938232507e+01,1.063749929428100671e+01,6.419999999999999929e+00,3.750000000000000000e+05
4.508627709951166018e+00,4.483750053405761804e+01,6.826947174072265589e+00,6.419999999999999929e+00,0.000000000000000000e+00
4.508675676908258545e+00,4.483750053405761804e+01,6.922881088256835902e+00,6.419999999999999929e+00,3.750000000000000000e+05
4.534614100265853764e+00,1.840661426544189538e+01,1.063749929428100671e+01,6.419999999999999929e+00,0.000000000000000000e+00
4.534955402183883599e+00,1.908921810150146570e+01,1.063749929428100671e+01,6.419999999999999929e+00,3.750000000000000000e+05
4.560223940147845489e+00,4.483750053405761804e+01,7.018814048767089808e+00,6.419999999999999929e+00,0.000000000000000000e+00
4.560271907104938016e+00,4.483750053405761804e+01,7.114747962951660121e+00,6.419999999999999929e+00,3.750000000000000000e+05
4.584870561381836573e+00,1.977182003021240320e+01,1.063749929428100671e+01,6.419999999999999929e+00,0.000000000000000000e+00
4.585211863299866408e+00,2.045442386627197351e+01,1.063749929428100671e+01,6.419999999999999929e+00,3.750000000000000000e+05
4.609140632054145925e+00,4.483750053405761804e+01,7.210681877136230433e+00,6.419999999999999929e+00,0.000000000000000000e+00
4.609188598534401216e+00,4.483750053405761804e+01,7.306614837646484339e+00,6.419999999999999929e+00,3.750000000000000000e+05
4.632447482009769857e+00,2.113702758312225427e+01,1.063749929428100671e+01,6.419999999999999929e+00,0.000000000000000000e+00
4.632788782974125219e+00,2.181962951183319177e+01,1.063749929428100671e+01,6.419999999999999929e+00,3.750000000000000000e+05
4.655377782762430527e+00,4.483750053405761804e+01,7.402548751831054652e+00,6.419999999999999929e+00,0.000000000000000000e+00
4.655425749719523054e+00,4.483750053405761804e+01,7.498482666015624964e+00,6.419999999999999929e+00,3.750000000000000000e+05
4.677344863983416978e+00,2.250223334975540723e+01,1.063749929428100671e+01,6.419999999999999929e+00,0.000000000000000000e+00
4.677686165900515114e+00,2.318483718395233240e+01,1.063749929428100671e+01,6.419999999999999929e+00,3.750000000000000000e+05
4.698935394772568053e+00,4.483750053405761804e+01,7.594415626525878871e+00,6.419999999999999929e+00,0.000000000000000000e+00
4.698983361729660579e+00,4.483750053405761804e+01,7.690349540710449183e+00,6.419999999999999929e+00,3.750000000000000000e+05
4.719562706914650185e+00,2.386743911266326990e+01,1.063749929428100671e+01,6.419999999999999929e+00,0.000000000000000000e+00
4.719904008892284786e+00,2.455004306793212976e+01,1.063749929428100671e+01,6.419999999999999929e+00,3.750000000000000000e+05
4.739813468439933786e+00,4.483750053405761804e+01,7.786283454895019496e+00,6.419999999999999929e+00,0.000000000000000000e+00
4.739861435397026312e+00,4.483750053405761804e+01,7.882217369079589808e+00,6.419999999999999929e+00,3.750000000000000000e+05
4.759101011257611979e+00,2.523264499664306726e+01,1.063749929428100671e+01,6.419999999999999929e+00,0.000000000000000000e+00
4.759442313175641814e+00,2.591524883270263757e+01,1.063749929428100671e+01,6.419999999999999929e+00,3.750000000000000000e+05
4.778012003642594152e+00,4.483750053405761804e+01,7.978150329589843714e+00,6.419999999999999929e+00,0.000000000000000000e+00
4.778059970599686679e+00,4.483750053405761804e+01,8.074084243774414915e+00,6.419999999999999929e+00,3.750000000000000000e+05
4.795959775544019976e+00,2.659785266876220788e+01,1.063749929428100671e+01,6.419999999999999929e+00,0.000000000000000000e+00
4.796301076508375338e+00,2.728045459747314538e+01,1.063749929428100671e+01,6.419999999999999929e+00,3.750000000000000000e+05
4.813530997765645303e+00,4.483750053405761804e+01,8.170018157958985228e+00,6.419999999999999929e+00,0.000000000000000000e+00
4.813578964722737830e+00,4.483750053405761804e+01,8.265952072143555540e+00,6.419999999999999929e+00,3.750000000000000000e+05
4.830139000457389642e+00,2.796305843353271570e+01,1.063749929428100671e+01,6.419999999999999929e+00,0.000000000000000000e+00
4.830480302375419477e+00,2.864566226959228601e+01,1.063749929428100671e+01,6.419999999999999929e+00,3.750000000000000000e+05
4.846370452716437072e+00,4.483750053405761804e+01,8.361885032653809446e+00,6.419999999999999929e+00,0.000000000000000000e+00
4.846418419673529598e+00,4.483750053405761804e+01,8.457818946838379759e+00,6.419999999999999929e+00,3.750000000000000000e+05
4.861638686327484749e+00,2.932826419830322351e+01,1.063749929428100671e+01,6.419999999999999929e+00,0.000000000000000000e+00
4.861979988245514583e+00,3.001086803436279382e+01,1.063749929428100671e+01,6.419999999999999929e+00,3.750000000000000000e+05
4.876530369376850693e+00,4.483750053405761804e+01,8.553752861022950071e+00,6.419999999999999929e+00,0.000000000000000000e+00
4.876578335857105984e+00,4.483750053405761804e+01,8.649685821533203978e+00,6.419999999999999929e+00,3.750000000000000000e+05
4.890458831594808764e+00,3.069347187042236413e+01,1.063749929428100671e+01,6.419999999999999929e+00,0.000000000000000000e+00
4.890800132559164126e+00,3.137607379913330163e+01,1.063749929428100671e+01,6.419999999999999929e+00,3.750000000000000000e+05
4.904010744609803574e+00,4.483750053405761804e+01,8.745619735717774290e+00,6.419999999999999929e+00,0.000000000000000000e+00
4.904058711566896100e+00,4.483750053405761804e+01,8.841553649902344603e+00,6.419999999999999929e+00,3.750000000000000000e+05
4.916599438094916508e+00,3.205867763519287195e+01,1.063749929428100671e+01,6.419999999999999929e+00,0.000000000000000000e+00
4.916940739059271870e+00,3.274127956390380945e+01,1.063749929428100671e+01,6.419999999999999929e+00,3.750000000000000000e+05
4.928811582029214655e+00,4.483750053405761804e+01,8.937486610412598509e+00,6.419999999999999929e+00,0.000000000000000000e+00
4.928859548986307182e+00,4.483750053405761804e+01,9.033420524597168821e+00,6.419999999999999929e+00,3.750000000000000000e+05
4.940060504598076108e+00,3.342388530731201257e+01,1.063749929428100671e+01,6.419999999999999929e+00,0.000000000000000000e+00
4.940401805562431470e+00,3.410648723602295007e+01,1.063749929428100671e+01,6.419999999999999929e+00,3.750000000000000000e+05
4.950932877487137063e+00,4.483750053405761804e+01,9.129354438781739134e+00,6.419999999999999929e+00,0.000000000000000000e+00
4.950980843967392353e+00,4.483750053405761804e+01,9.225287399291993040e+00,6.419999999999999929e+00,3.750000000000000000e+05
4.960842032334019436e+00,3.478908916473388757e+01,1.063749929428100671e+01,6.419999999999999929e+00,0.000000000000000000e+00
4.961183335205723743e+00,3.547169490814209070e+01,1.063749929428100671e+01,6.419999999999999929e+00,3.750000000000000000e+05
4.970374636214176967e+00,4.483750053405761804e+01,9.321221313476563353e+00,6.419999999999999929e+00,0.000000000000000000e+00
4.970422603171269493e+00,4.483750053405761804e+01,9.417155227661133665e+00,6.419999999999999929e+00,3.750000000000000000e+05
4.978944020492659384e+00,3.615429683685302820e+01,1.063749929428100671e+01,6.419999999999999929e+00,0.000000000000000000e+00
4.979285321457014746e+00,3.683689876556396570e+01,1.063749929428100671e+01,6.419999999999999929e+00,3.750000000000000000e+05
4.987136855220326126e+00,4.483750053405761804e+01,9.513088188171387571e+00,6.419999999999999929e+00,0.000000000000000000e+00
4.987184822177418653e+00,4.483750053405761804e+01,9.609022102355957884e+00,6.419999999999999929e+00,3.750000000000000000e+05
4.994366468582556173e+00,3.751950450897216882e+01,1.063749929428100671e+01,6.419999999999999929e+00,0.000000000000000000e+00
4.994707769546911535e+00,3.820210643768310632e+01,1.063749929428100671e+01,6.419999999999999929e+00,3.750000000000000000e+05
5.001219532264985723e+00,4.483750053405761804e+01,9.704956016540528196e+00,6.419999999999999929e+00,0.000000000000000000e+00
5.001267499222078250e+00,4.483750053405761804e+01,9.800889930725098509e+00,6.419999999999999929e+00,3.750000000000000000e+05
5.007109379170866958e+00,3.888470741271972742e+01,1.063749929428100671e+01,6.419999999999999929e+00,0.000000000000000000e+00
5.007450682042571266e+00,3.956731315612793054e+01,1.063749929428100671e+01,6.419999999999999929e+00,3.750000000000000000e+05
5.012622674826664237e+00,4.483750053405761804e+01,9.896822414398194212e+00,6.419999999999999929e+00,0.000000000000000000e+00
5.012670641783756764e+00,4.483750053405761804e+01,9.992756328582764525e+00,6.419999999999999929e+00,3.750000000000000000e+05
5.017172750880786403e+00,4.024991508483886804e+01,1.063749929428100671e+01,6.419999999999999929e+00,0.000000000000000000e+00
5.017514051845141765e+00,4.093251701354980554e+01,1.063749929428100671e+01,6.419999999999999929e+00,3.750000000000000000e+05
5.021346277255108070e+00,4.483750053405761804e+01,1.008869024276733484e+01,6.419999999999999929e+00,0.000000000000000000e+00
5.021394243735363361e+00,4.483750053405761804e+01,1.018462320327758874e+01,6.419999999999999929e+00,3.750000000000000000e+05
5.024556581916140630e+00,4.161512275695800867e+01,1.063749929428100671e+01,6.419999999999999929e+00,0.000000000000000000e+00
5.024897882880495992e+00,4.229772468566894617e+01,1.063749929428100671e+01,6.419999999999999929e+00,3.750000000000000000e+05
5.027390337374209928e+00,4.483750053405761804e+01,1.028055711746215906e+01,6.419999999999999929e+00,0.000000000000000000e+00
5.027438304331302454e+00,4.483750053405761804e+01,1.037649103164672937e+01,6.419999999999999929e+00,3.750000000000000000e+05
5.029260875137953057e+00,4.298032661437988367e+01,1.063749929428100671e+01,6.419999999999999929e+00,0.000000000000000000e+00
5.029602178009657365e+00,4.366293235778808679e+01,1.063749929428100671e+01,6.419999999999999929e+00,3.750000000000000000e+05
5.030754861587118931e+00,4.483750053405761804e+01,1.047242399215698327e+01,6.419999999999999929e+00,0.000000000000000000e+00
5.030802828544211458e+00,4.483750053405761804e+01,1.056835790634155359e+01,6.419999999999999929e+00,3.750000000000000000e+05
5.031285628434609691e+00,4.434553428649902429e+01,1.063749929428100671e+01,6.419999999999999929e+00,0.000000000000000000e+00
5.053916597965473656e+00,3.195409393310547075e-01,1.324987030029297075e-01,6.419999999999999929e+00,3.750000000000000000e+05
5.054100155213697043e+00,1.324987030029297075e-01,1.587857818603515825e-01,6.419999999999999929e+00,0.000000000000000000e+00
5.054148122170789570e+00,1.324987030029297075e-01,2.547196960449218950e-01,6.419999999999999929e+00,3.750000000000000000e+05
5.055001564941631109e+00,1.002144775390624964e+00,1.324987030029297075e-01,6.419999999999999929e+00,0.000000000000000000e+00
5.055342866859660944e+00,1.684748611450195277e+00,1.324987030029297075e-01,6.419999999999999929e+00,3.750000000000000000e+05
5.056866195153121524e+00,1.324987030029297075e-01,3.506536102294922075e-01,6.419999999999999929e+00,0.000000000000000000e+00
5.056914162110214050e+00,1.324987030029297075e-01,4.465875244140625200e-01,6.419999999999999929e+00,3.750000000000000000e+05
5.059107374090737963e+00,2.367350540161132777e+00,1.324987030029297075e-01,6.419999999999999929e+00,0.000000000000000000e+00
5.059448676008767798e+00,3.049954376220703089e+00,1.324987030029297075e-01,6.419999999999999929e+00,3.750000000000000000e+05
5.062311773511910751e+00,1.324987030029297075e-01,5.425214385986327770e-01,6.419999999999999929e+00,0.000000000000000000e+00
5.062359739515328805e+00,1.324987030029297075e-01,6.384534454345702770e-01,6.419999999999999929e+00,3.750000000000000000e+05
5.065892722283119376e+00,3.732558212280273402e+00,1.324987030029297075e-01,6.419999999999999929e+00,0.000000000000000000e+00
5.066234023247474738e+00,4.415160140991210902e+00,1.324987030029297075e-01,6.419999999999999929e+00,3.750000000000000000e+05
5.070436889702328642e+00,1.324987030029297075e-01,7.343873596191405895e-01,6.419999999999999929e+00,0.000000000000000000e+00
5.070484856659421169e+00,1.324987030029297075e-01,8.303212738037109020e-01,6.419999999999999929e+00,3.750000000000000000e+05
5.075357608636894113e+00,5.097763977050781214e+00,1.324987030029297075e-01,6.419999999999999929e+00,0.000000000000000000e+00
5.075698910554923948e+00,5.780367813110351527e+00,1.324987030029297075e-01,6.419999999999999929e+00,3.750000000000000000e+05
5.081241548055015045e+00,1.324987030029297075e-01,9.262551879882812145e-01,6.419999999999999929e+00,0.000000000000000000e+00
5.081289515012107572e+00,1.324987030029297075e-01,1.022189102172851527e+00,6.419999999999999929e+00,3.750000000000000000e+05
5.087502036199262001e+00,6.462969741821289027e+00,1.324987030029297075e-01,6.419999999999999929e+00,0.000000000000000000e+00
5.087843338117291836e+00,7.145573577880859339e+00,1.324987030029297075e-01,6.419999999999999929e+00,3.750000000000000000e+05
5.094725744827065306e+00,1.324987030029297075e-01,1.118123016357421839e+00,6.419999999999999929e+00,0.000000000000000000e+00
5.094773711784157832e+00,1.324987030029297075e-01,1.214056930541992152e+00,6.419999999999999929e+00,3.750000000000000000e+05
5.102326003098772489e+00,7.828176460266113246e+00,1.324987030029297075e-01,6.419999999999999929e+00,0.000000000000000000e+00
5.102667305016802324e+00,8.510780296325684446e+00,1.324987030029297075e-01,6.419999999999999929e+00,3.750000000000000000e+05
5.110889481596064599e+00,1.324987030029297075e-01,1.309988937377929652e+00,6.419999999999999929e+00,0.000000000000000000e+00
5.110937448553157125e+00,1.324987030029297075e-01,1.405922851562499964e+00,6.419999999999999929e+00,3.750000000000000000e+05
5.119829509737260587e+00,9.193383178710938353e+00,1.324987030029297075e-01,6.419999999999999929e+00,0.000000000000000000e+00
5.120170811178453185e+00,9.875986061096192259e+00,1.324987030029297075e-01,6.419999999999999929e+00,3.750000000000000000e+05
5.129732756967397833e+00,1.324987030029297075e-01,1.501856765747070277e+00,6.419999999999999929e+00,0.000000000000000000e+00
5.129780723924490360e+00,1.324987030029297075e-01,1.597790679931640589e+00,6.419999999999999929e+00,3.750000000000000000e+05
5.140012555236053160e+00,1.055858989715576257e+01,1.324987030029297075e-01,6.419999999999999929e+00,0.000000000000000000e+00
5.140353856677245759e+00,1.124119277954101648e+01,1.324987030029297075e-01,6.419999999999999929e+00,3.750000000000000000e+05
5.151255572593649745e+00,1.324987030029297075e-01,1.693724594116210902e+00,6.419999999999999929e+00,0.000000000000000000e+00
5.151303539550742272e+00,1.324987030029297075e-01,1.789658508300781214e+00,6.419999999999999929e+00,3.750000000000000000e+05
5.162875140071987445e+00,1.192379566192627038e+01,1.324987030029297075e-01,6.419999999999999929e+00,0.000000000000000000e+00
5.163216441513180044e+00,1.260639854431152429e+01,1.324987030029297075e-01,6.419999999999999929e+00,3.750000000000000000e+05
5.175457926510280693e+00,1.324987030029297075e-01,1.885591468811035121e+00,6.419999999999999929e+00,0.000000000000000000e+00
5.175505893467373220e+00,1.324987030029297075e-01,1.981525382995605433e+00,6.419999999999999929e+00,3.750000000000000000e+05
5.188417263987092909e+00,1.328900238037109460e+01,1.324987030029297075e-01,6.419999999999999929e+00,0.000000000000000000e+00
5.188758565428285507e+00,1.397160526275634851e+01,1.324987030029297075e-01,6.419999999999999929e+00,3.750000000000000000e+05
5.202339820423860672e+00,1.324987030029297075e-01,2.077458343505859339e+00,6.419999999999999929e+00,0.000000000000000000e+00
5.202387787380953199e+00,1.324987030029297075e-01,2.173392257690429652e+00,6.419999999999999929e+00,3.750000000000000000e+05
5.216638926981369551e+00,1.465420814514160242e+01,1.324987030029297075e-01,6.419999999999999929e+00,0.000000000000000000e+00
5.216980228899399386e+00,1.533681198120117273e+01,1.324987030029297075e-01,6.419999999999999929e+00,3.750000000000000000e+05
5.231901254022433889e+00,1.324987030029297075e-01,2.269326171874999964e+00,6.419999999999999929e+00,0.000000000000000000e+00
5.231949220502689180e+00,1.324987030029297075e-01,2.365259132385253871e+00,6.419999999999999929e+00,3.750000000000000000e+05
5.247540130101580047e+00,1.601941486358642663e+01,1.324987030029297075e-01,6.419999999999999929e+00,0.000000000000000000e+00
5.247881432019609882e+00,1.670201869964599695e+01,1.324987030029297075e-01,6.419999999999999929e+00,3.750000000000000000e+05
5.264142227141118902e+00,1.324987030029297075e-01,2.461193046569824183e+00,6.419999999999999929e+00,0.000000000000000000e+00
5.264190194098211428e+00,1.324987030029297075e-01,2.557126960754394496e+00,6.419999999999999929e+00,3.750000000000000000e+05
5.281120872906783781e+00,1.738462062835693445e+01,1.324987030029297075e-01,6.419999999999999929e+00,0.000000000000000000e+00
5.281462174824813616e+00,1.806722446441650476e+01,1.324987030029297075e-01,6.419999999999999929e+00,3.750000000000000000e+05
5.299062739156005009e+00,1.324987030029297075e-01,2.653060874938964808e+00,6.419999999999999929e+00,0.000000000000000000e+00
5.299110705636260299e+00,1.324987030029297075e-01,2.748993835449218714e+00,6.419999999999999929e+00,3.750000000000000000e+05
5.317381155361085021e+00,1.874982830047607507e+01,1.324987030029297075e-01,6.419999999999999929e+00,0.000000000000000000e+00
5.317722456325440383e+00,1.943243022918701257e+01,1.324987030029297075e-01,6.419999999999999929e+00,3.750000000000000000e+05
5.336662789737328438e+00,1.324987030029297075e-01,2.844927749633789027e+00,6.419999999999999929e+00,0.000000000000000000e+00
5.336710756694420965e+00,1.324987030029297075e-01,2.940861663818359339e+00,6.419999999999999929e+00,3.750000000000000000e+05
5.356320975628927172e+00,2.011503406524658288e+01,1.324987030029297075e-01,6.419999999999999929e+00,0.000000000000000000e+00
5.356662277487352242e+00,2.079763778209686365e+01,1.324987030029297075e-01,6.419999999999999929e+00,3.750000000000000000e+05
5.376942381700770213e+00,1.324987030029297075e-01,3.036794624328613246e+00,6.419999999999999929e+00,0.000000000000000000e+00
5.376990348657862739e+00,1.324987030029297075e-01,3.132728538513183558e+00,6.419999999999999929e+00,3.750000000000000000e+05
5.397940336558344043e+00,2.148023971080780115e+01,1.324987030029297075e-01,6.419999999999999929e+00,0.000000000000000000e+00
5.398281638476373878e+00,2.216284354686737146e+01,1.324987030029297075e-01,6.419999999999999929e+00,3.750000000000000000e+05
5.419901511899473334e+00,1.324987030029297075e-01,3.228662452697753871e+00,6.419999999999999929e+00,0.000000000000000000e+00
5.419949478379728625e+00,1.324987030029297075e-01,3.324595413208007777e+00,6.419999999999999929e+00,3.750000000000000000e+05
5.442239235360906591e+00,2.284544547557830896e+01,1.324987030029297075e-01,6.419999999999999929e+00,0.000000000000000000e+00
5.442580537278936426e+00,2.352804931163787927e+01,1.324987030029297075e-01,6.419999999999999929e+00,3.750000000000000000e+05
5.465540179782732544e+00,1.324987030029297075e-01,3.420529327392578089e+00,6.419999999999999929e+00,0.000000000000000000e+00
5.465588146739825071e+00,1.324987030029297075e-01,3.516463241577148402e+00,6.419999999999999929e+00,3.750000000000000000e+05
5.489217674766240229e+00,2.421065314769744958e+01,1.324987030029297075e-01,6.419999999999999929e+00,0.000000000000000000e+00
5.489558975790200357e+00,2.489325519561767663e+01,1.324987030029297075e-01,6.419999999999999929e+00,3.750000000000000000e+05
5.513858387489415591e+00,1.324987030029297075e-01,3.612396202087402308e+00,6.419999999999999929e+00,0.000000000000000000e+00
5.513906354446508118e+00,1.324987030029297075e-01,3.708330116271972621e+00,6.419999999999999929e+00,3.750000000000000000e+05
5.538875651668342392e+00,2.557585903167724695e+01,1.324987030029297075e-01,6.419999999999999929e+00,0.000000000000000000e+00
5.539216953586372227e+00,2.625846286773681726e+01,1.324987030029297075e-01,6.419999999999999929e+00,3.750000000000000000e+05
5.564856136330824654e+00,1.324987030029297075e-01,3.804264030456542933e+00,6.419999999999999929e+00,0.000000000000000000e+00
5.564904103287917181e+00,1.324987030029297075e-01,3.900197944641113246e+00,6.419999999999999929e+00,3.750000000000000000e+05
5.591213169719432940e+00,2.694106479644775476e+01,1.324987030029297075e-01,6.419999999999999929e+00,0.000000000000000000e+00
5.591554471637462775e+00,2.762366863250732507e+01,1.324987030029297075e-01,6.419999999999999929e+00,3.750000000000000000e+05
5.618533423462611864e+00,1.324987030029297075e-01,3.996130905151367152e+00,6.419999999999999929e+00,0.000000000000000000e+00
5.618581390419704391e+00,1.324987030029297075e-01,4.092064819335937464e+00,6.419999999999999929e+00,3.750000000000000000e+05
5.646230227767472520e+00,2.830627246856689538e+01,1.324987030029297075e-01,6.419999999999999929e+00,0.000000000000000000e+00
5.646571528731827883e+00,2.898887439727783288e+01,1.324987030029297075e-01,6.419999999999999929e+00,3.750000000000000000e+05
5.674890249766659345e+00,1.324987030029297075e-01,4.187998733520507777e+00,6.419999999999999929e+00,0.000000000000000000e+00
5.674938216246914635e+00,1.324987030029297075e-01,4.283931694030761683e+00,6.419999999999999929e+00,3.750000000000000000e+05
5.703926822675379427e+00,2.967147823333740320e+01,1.324987030029297075e-01,6.419999999999999929e+00,0.000000000000000000e+00
5.704268124593409262e+00,3.035408206939697351e+01,1.324987030029297075e-01,6.419999999999999929e+00,3.750000000000000000e+05
5.733926616544493093e+00,1.324987030029297075e-01,4.379865608215331996e+00,6.419999999999999929e+00,0.000000000000000000e+00
5.733974583501585620e+00,1.324987030029297075e-01,4.475799522399902308e+00,6.419999999999999929e+00,3.750000000000000000e+05
5.764302959139732785e+00,3.103668399810791101e+01,1.324987030029297075e-01,6.419999999999999929e+00,0.000000000000000000e+00
5.764644261057762620e+00,3.171928783416748132e+01,1.324987030029297075e-01,6.419999999999999929e+00,3.750000000000000000e+05
5.795642522218527937e+00,1.324987030029297075e-01,4.571733436584472621e+00,6.419999999999999929e+00,0.000000000000000000e+00
5.795690488698783227e+00,1.324987030029297075e-01,4.667666397094726527e+00,6.419999999999999929e+00,3.750000000000000000e+05
5.827358633417627054e+00,3.240188976287841882e+01,1.324987030029297075e-01,6.419999999999999929e+00,0.000000000000000000e+00
5.827699936289331362e+00,3.308449550628662195e+01,1.324987030029297075e-01,6.419999999999999929e+00,3.750000000000000000e+05
5.860037968366349048e+00,1.324987030029297075e-01,4.763600311279296839e+00,6.419999999999999929e+00,0.000000000000000000e+00
5.860085935323441575e+00,1.324987030029297075e-01,4.859534225463867152e+00,6.419999999999999929e+00,3.750000000000000000e+05
5.893093851087522594e+00,3.376709743499755945e+01,1.324987030029297075e-01,6.419999999999999929e+00,0.000000000000000000e+00
5.893435152051877957e+00,3.444969936370849695e+01,1.324987030029297075e-01,6.419999999999999929e+00,3.750000000000000000e+05
5.927112951374036598e+00,1.324987030029297075e-01,4.955467185974121058e+00,6.419999999999999929e+00,0.000000000000000000e+00
5.927160918331129125e+00,1.324987030029297075e-01,5.051401100158691371e+00,6.419999999999999929e+00,3.750000000000000000e+05
5.961508605011462514e+00,3.513230510711670007e+01,1.324987030029297075e-01,6.419999999999999929e+00,0.000000000000000000e+00
5.961849905975817876e+00,3.581490703582763757e+01,1.324987030029297075e-01,6.419999999999999929e+00,3.750000000000000000e+05
5.996867476343214598e+00,1.324987030029297075e-01,5.147335014343261683e+00,6.419999999999999929e+00,0.000000000000000000e+00
5.996915442823469888e+00,1.324987030029297075e-01,5.243267974853515589e+00,6.419999999999999929e+00,3.750000000000000000e+05
6.032602896748944232e+00,3.649750896453857507e+01,1.324987030029297075e-01,6.419999999999999929e+00,0.000000000000000000e+00
6.032944199620648540e+00,3.718011470794677820e+01,1.324987030029297075e-01,6.419999999999999929e+00,3.750000000000000000e+05
6.069301540904296743e+00,1.324987030029297075e-01,5.339201889038085902e+00,6.419999999999999929e+00,0.000000000000000000e+00
6.069349507861389270e+00,1.324987030029297075e-01,5.435135803222656214e+00,6.419999999999999929e+00,3.750000000000000000e+05
6.106376732832100807e+00,3.786271663665771570e+01,1.324987030029297075e-01,6.419999999999999929e+00,0.000000000000000000e+00
6.106718033319618932e+00,3.854531761169433679e+01,1.324987030029297075e-01,6.419999999999999929e+00,3.750000000000000000e+05
6.144415140930631125e+00,1.324987030029297075e-01,5.531068763732910121e+00,6.419999999999999929e+00,0.000000000000000000e+00
6.144463107887723652e+00,1.324987030029297075e-01,5.627002677917480433e+00,6.419999999999999929e+00,3.750000000000000000e+05
6.182830102856909704e+00,3.922792335510253992e+01,1.324987030029297075e-01,6.419999999999999929e+00,0.000000000000000000e+00
6.183171403821265066e+00,3.991052528381347742e+01,1.324987030029297075e-01,6.419999999999999929e+00,3.750000000000000000e+05
6.222208282477514452e+00,1.324987030029297075e-01,5.722936592102050746e+00,6.419999999999999929e+00,0.000000000000000000e+00
6.222256248957769742e+00,1.324987030029297075e-01,5.818869552612304652e+00,6.419999999999999929e+00,3.750000000000000000e+05
6.261963011172097637e+00,4.059312721252441492e+01,1.324987030029297075e-01,6.419999999999999929e+00,0.000000000000000000e+00
6.262304314043801945e+00,4.127573295593261804e+01,1.324987030029297075e-01,6.419999999999999929e+00,3.750000000000000000e+05
6.302680963616303700e+00,1.324987030029297075e-01,5.914803466796874964e+00,6.419999999999999929e+00,0.000000000000000000e+00
6.302728930573396227e+00,1.324987030029297075e-01,6.010737380981445277e+00,6.419999999999999929e+00,3.750000000000000000e+05
6.343775463832961314e+00,4.195833488464355554e+01,1.324987030029297075e-01,6.419999999999999929e+00,0.000000000000000000e+00
6.344116764797316677e+00,4.264093681335449304e+01,1.324987030029297075e-01,6.419999999999999929e+00,3.750000000000000000e+05
6.385833181743945097e+00,1.324987030029297075e-01,6.106671295166015589e+00,6.419999999999999929e+00,0.000000000000000000e+00
6.385881148224200388e+00,1.324987030029297075e-01,6.202604255676269496e+00,6.419999999999999929e+00,3.750000000000000000e+05
6.428267452400016957e+00,4.332354255676269617e+01,1.324987030029297075e-01,6.419999999999999929e+00,0.000000000000000000e+00
6.428608753364372319e+00,4.400614448547363367e+01,1.324987030029297075e-01,6.419999999999999929e+00,3.750000000000000000e+05
6.471664941227252221e+00,1.324987030029297075e-01,6.298538169860839808e+00,6.419999999999999929e+00,0.000000000000000000e+00
6.471712908184344748e+00,1.324987030029297075e-01,6.394472084045410121e+00,6.419999999999999929e+00,3.750000000000000000e+05
6.515438979734287983e+00,4.468874641418457117e+01,1.324987030029297075e-01,6.419999999999999929e+00,0.000000000000000000e+00
6.515522282187759195e+00,4.483750053405761804e+01,2.075280761718750200e-01,6.419999999999999929e+00,3.750000000000000000e+05
6.559394335926308273e+00,1.324987030029297075e-01,6.490405044555664027e+00,6.419999999999999929e+00,0.000000000000000000e+00
6.559442302883400799e+00,1.324987030029297075e-01,6.586338958740234339e+00,6.419999999999999929e+00,3.750000000000000000e+05
6.603314356879920410e+00,4.483750053405761804e+01,3.034600830078125200e-01,6.419999999999999929e+00,0.000000000000000000e+00
6.603362323837012937e+00,4.483750053405761804e+01,3.993939971923828325e-01,6.419999999999999929e+00,3.750000000000000000e+05
6.647234377833532548e+00,1.324987030029297075e-01,6.682272872924804652e+00,6.419999999999999929e+00,0.000000000000000000e+00
6.647282344313787839e+00,1.324987030029297075e-01,6.778205833435058558e+00,6.419999999999999929e+00,3.750000000000000000e+05
6.691154398181322627e+00,4.483750053405761804e+01,4.953279113769531450e-01,6.419999999999999929e+00,0.000000000000000000e+00
6.691202365138415153e+00,4.483750053405761804e+01,5.912618255615234020e-01,6.419999999999999929e+00,3.750000000000000000e+05
6.735074419005949942e+00,1.324987030029297075e-01,6.874139747619628871e+00,6.419999999999999929e+00,0.000000000000000000e+00
6.735122385963042468e+00,1.324987030029297075e-01,6.970073661804199183e+00,6.419999999999999929e+00,3.750000000000000000e+05
6.778994439830577257e+00,4.483750053405761804e+01,6.871957397460937145e-01,6.419999999999999929e+00,0.000000000000000000e+00
6.779042406787669783e+00,4.483750053405761804e+01,7.831296539306640270e-01,6.419999999999999929e+00,3.750000000000000000e+05
6.822914460526218861e+00,1.324987030029297075e-01,7.066006622314453089e+00,6.419999999999999929e+00,0.000000000000000000e+00
6.822962427483311387e+00,1.324987030029297075e-01,7.161940536499023402e+00,6.419999999999999929e+00,3.750000000000000000e+05
6.866834481479830998e+00,4.483750053405761804e+01,8.790616607666015270e-01,6.419999999999999929e+00,0.000000000000000000e+00
6.866882448436923525e+00,4.483750053405761804e+01,9.749955749511718395e-01,6.419999999999999929e+00,3.750000000000000000e+05
6.910754502433443136e+00,1.324987030029297075e-01,7.257874450683593714e+00,6.419999999999999929e+00,0.000000000000000000e+00
6.910802469390535663e+00,1.324987030029297075e-01,7.353808364868164027e+00,6.419999999999999929e+00,3.750000000000000000e+05
6.954674523387055274e+00,4.483750053405761804e+01,1.070929489135742152e+00,6.419999999999999929e+00,0.000000000000000000e+00
6.954722490344147801e+00,4.483750053405761804e+01,1.166863403320312464e+00,6.419999999999999929e+00,3.750000000000000000e+05
6.998594544211682589e+00,1.324987030029297075e-01,7.449741325378417933e+00,6.419999999999999929e+00,0.000000000000000000e+00
6.998642511168775115e+00,1.324987030029297075e-01,7.545675239562988246e+00,6.419999999999999929e+00,3.750000000000000000e+05
7.042514565036309904e+00,4.483750053405761804e+01,1.262797317504882777e+00,6.419999999999999929e+00,0.000000000000000000e+00
7.042562531993402430e+00,4.483750053405761804e+01,1.358731231689453089e+00,6.419999999999999929e+00,3.750000000000000000e+05
7.086434585860937219e+00,1.324987030029297075e-01,7.641609153747558558e+00,6.419999999999999929e+00,0.000000000000000000e+00
7.086482552341192509e+00,1.324987030029297075e-01,7.737542114257812464e+00,6.419999999999999929e+00,3.750000000000000000e+05
7.130354606079741586e+00,4.483750053405761804e+01,1.454665145874023402e+00,6.419999999999999929e+00,0.000000000000000000e+00
7.130402572083159640e+00,4.483750053405761804e+01,1.550597152709960902e+00,6.419999999999999929e+00,3.750000000000000000e+05
7.174274626079679251e+00,1.324987030029297075e-01,7.833476028442382777e+00,6.419999999999999929e+00,0.000000000000000000e+00
7.174322593036771778e+00,1.324987030029297075e-01,7.929409942626953089e+00,6.419999999999999929e+00,3.750000000000000000e+05
7.218194647033291389e+00,4.483750053405761804e+01,1.646531066894531214e+00,6.419999999999999929e+00,0.000000000000000000e+00
7.218242613990383916e+00,4.483750053405761804e+01,1.742464981079101527e+00,6.419999999999999929e+00,3.750000000000000000e+05
7.262114667857918704e+00,1.324987030029297075e-01,8.025342903137207884e+00,6.419999999999999929e+00,0.000000000000000000e+00
7.262162634815011231e+00,1.324987030029297075e-01,8.121276817321778196e+00,6.419999999999999929e+00,3.750000000000000000e+05
7.306034688682546019e+00,4.483750053405761804e+01,1.838398895263671839e+00,6.419999999999999929e+00,0.000000000000000000e+00
7.306082655162801309e+00,4.483750053405761804e+01,1.934331855773925746e+00,6.419999999999999929e+00,3.750000000000000000e+05
7.349954709159320920e+00,1.324987030029297075e-01,8.217210731506348509e+00,6.419999999999999929e+00,0.000000000000000000e+00
7.350002676116413447e+00,1.324987030029297075e-01,8.313144645690918821e+00,6.419999999999999929e+00,3.750000000000000000e+05
7.393874730112933058e+00,4.483750053405761804e+01,2.030265769958496058e+00,6.419999999999999929e+00,0.000000000000000000e+00
7.393922697070025585e+00,4.483750053405761804e+01,2.126199684143066371e+00,6.419999999999999929e+00,3.750000000000000000e+05
7.437794750937560373e+00,1.324987030029297075e-01,8.409077606201172728e+00,6.419999999999999929e+00,0.000000000000000000e+00
7.437842717894652900e+00,1.324987030029297075e-01,8.505011520385743040e+00,6.419999999999999929e+00,3.750000000000000000e+05
7.481714771762187688e+00,4.483750053405761804e+01,2.222133598327636683e+00,6.419999999999999929e+00,0.000000000000000000e+00
7.481762738242442978e+00,4.483750053405761804e+01,2.318066558837890589e+00,6.419999999999999929e+00,3.750000000000000000e+05
7.525634792238962589e+00,1.324987030029297075e-01,8.600945434570313353e+00,6.419999999999999929e+00,0.000000000000000000e+00
7.525682758719217880e+00,1.324987030029297075e-01,8.696878395080567259e+00,6.419999999999999929e+00,3.750000000000000000e+05
7.569554812586752668e+00,4.483750053405761804e+01,2.414000473022460902e+00,6.419999999999999929e+00,0.000000000000000000e+00
7.569602779543845195e+00,4.483750053405761804e+01,2.509934387207031214e+00,6.419999999999999929e+00,3.750000000000000000e+05
7.613474833411379983e+00,1.324987030029297075e-01,8.792812309265137571e+00,6.419999999999999929e+00,0.000000000000000000e+00
7.613522800368472510e+00,1.324987030029297075e-01,8.888746223449707884e+00,6.419999999999999929e+00,3.750000000000000000e+05
7.657394854364992121e+00,4.483750053405761804e+01,2.605867347717285121e+00,6.419999999999999929e+00,0.000000000000000000e+00
7.657442821322084647e+00,4.483750053405761804e+01,2.701801261901855433e+00,6.419999999999999929e+00,3.750000000000000000e+05
7.701314875318604258e+00,1.324987030029297075e-01,8.984680137634278196e+00,6.419999999999999929e+00,0.000000000000000000e+00
7.701362841798859549e+00,1.324987030029297075e-01,9.080613098144532103e+00,6.419999999999999929e+00,3.750000000000000000e+05
7.745234895666394337e+00,4.483750053405761804e+01,2.797735176086425746e+00,6.419999999999999929e+00,0.000000000000000000e+00
7.745282862146649627e+00,4.483750053405761804e+01,2.893668136596679652e+00,6.419999999999999929e+00,3.750000000000000000e+05
7.789154916143169238e+00,1.324987030029297075e-01,9.176547012329102415e+00,6.419999999999999929e+00,0.000000000000000000e+00
7.789202883100261765e+00,1.324987030029297075e-01,9.272480926513672728e+00,6.419999999999999929e+00,3.750000000000000000e+05
7.833074937096781376e+00,4.483750053405761804e+01,2.989602050781249964e+00,6.419999999999999929e+00,0.000000000000000000e+00
7.833122904053873903e+00,4.483750053405761804e+01,3.085535964965820277e+00,6.419999999999999929e+00,3.750000000000000000e+05
7.876994957921408691e+00,1.324987030029297075e-01,9.368413887023926634e+00,6.419999999999999929e+00,0.000000000000000000e+00
7.877042924878501218e+00,1.324987030029297075e-01,9.464347801208496946e+00,6.419999999999999929e+00,3.750000000000000000e+05
7.920914978746036006e+00,4.483750053405761804e+01,3.181469879150390589e+00,6.419999999999999929e+00,0.000000000000000000e+00
7.920962945226291296e+00,4.483750053405761804e+01,3.277402839660644496e+00,6.419999999999999929e+00,3.750000000000000000e+05
7.964834999222810907e+00,1.324987030029297075e-01,9.560281715393067259e+00,6.419999999999999929e+00,0.000000000000000000e+00
7.964882965703066198e+00,1.324987030029297075e-01,9.656214675903321165e+00,6.419999999999999929e+00,3.750000000000000000e+05
8.008755019570600098e+00,4.483750053405761804e+01,3.373336753845214808e+00,6.419999999999999929e+00,0.000000000000000000e+00
8.008802986527692624e+00,4.483750053405761804e+01,3.469270668029785121e+00,6.419999999999999929e+00,3.750000000000000000e+05
8.052675040395227413e+00,1.324987030029297075e-01,9.752148590087891478e+00,6.419999999999999929e+00,0.000000000000000000e+00
8.052723007352319939e+00,1.324987030029297075e-01,9.848082504272461790e+00,6.419999999999999929e+00,3.750000000000000000e+05
8.096595061348839550e+00,4.483750053405761804e+01,3.565203628540039027e+00,6.419999999999999929e+00,0.000000000000000000e+00
8.096643028305932077e+00,4.483750053405761804e+01,3.661137542724609339e+00,6.419999999999999929e+00,3.750000000000000000e+05
8.140515082108974454e+00,1.324987030029297075e-01,9.944014987945557493e+00,6.419999999999999929e+00,0.000000000000000000e+00
8.140563049066066981e+00,1.324987030029297075e-01,1.003994890213012781e+01,6.419999999999999929e+00,3.750000000000000000e+05
8.184435102869109357e+00,4.483750053405761804e+01,3.757071456909179652e+00,6.419999999999999929e+00,0.000000000000000000e+00
8.184483069349363760e+00,4.483750053405761804e+01,3.853004417419433558e+00,6.419999999999999929e+00,3.750000000000000000e+05
8.228355123281390959e+00,1.324987030029297075e-01,1.013588281631469812e+01,6.419999999999999929e+00,0.000000000000000000e+00
8.228403090238483486e+00,1.324987030029297075e-01,1.023181673049926843e+01,6.419999999999999929e+00,3.750000000000000000e+05
8.272275144170510686e+00,4.483750053405761804e+01,3.948938331604003871e+00,6.419999999999999929e+00,0.000000000000000000e+00
8.272323111127603212e+00,4.483750053405761804e+01,4.044872245788574183e+00,6.419999999999999929e+00,3.750000000000000000e+05
8.316195164930645589e+00,1.324987030029297075e-01,1.032774969100952234e+01,6.419999999999999929e+00,0.000000000000000000e+00
8.316243131887738116e+00,1.324987030029297075e-01,1.042368360519409265e+01,6.419999999999999929e+00,3.750000000000000000e+05
8.360115185690780493e+00,4.483750053405761804e+01,4.140806159973144496e+00,6.419999999999999929e+00,0.000000000000000000e+00
8.360163152171034895e+00,4.483750053405761804e+01,4.236739120483398402e+00,6.419999999999999929e+00,3.750000000000000000e+05
8.404035206103062094e+00,1.324987030029297075e-01,1.051961751937866296e+01,6.419999999999999929e+00,0.000000000000000000e+00
8.404083172583316497e+00,1.324987030029297075e-01,1.061555047988891687e+01,6.419999999999999929e+00,3.750000000000000000e+05
8.447955226386358873e+00,4.483750053405761804e+01,4.332673034667968714e+00,6.419999999999999929e+00,0.000000000000000000e+00
8.448003193343451400e+00,4.483750053405761804e+01,4.428606948852539027e+00,6.419999999999999929e+00,3.750000000000000000e+05
8.491358623655029803e+00,6.589307403564452770e-01,1.063749929428100671e+01,6.419999999999999929e+00,0.000000000000000000e+00
8.491699925573058749e+00,1.341534576416015589e+00,1.063749929428100671e+01,6.419999999999999929e+00,3.750000000000000000e+05
8.534385470491002934e+00,4.483750053405761804e+01,4.524539909362792933e+00,6.419999999999999929e+00,0.000000000000000000e+00
8.534433437448095461e+00,4.483750053405761804e+01,4.620473823547363246e+00,6.419999999999999929e+00,3.750000000000000000e+05
8.576449096843420605e+00,2.024138412475585902e+00,1.063749929428100671e+01,6.419999999999999929e+00,0.000000000000000000e+00
8.576790397807776856e+00,2.706740341186523402e+00,1.063749929428100671e+01,6.419999999999999929e+00,3.750000000000000000e+05
8.618136173516038667e+00,4.483750053405761804e+01,4.716407737731933558e+00,6.419999999999999929e+00,0.000000000000000000e+00
8.618184139996293069e+00,4.483750053405761804e+01,4.812340698242187464e+00,6.419999999999999929e+00,3.750000000000000000e+05
8.658860030310922440e+00,3.389344177246093714e+00,1.063749929428100671e+01,6.419999999999999929e+00,0.000000000000000000e+00
8.659201332228951387e+00,4.071948013305664027e+00,1.063749929428100671e+01,6.419999999999999929e+00,3.750000000000000000e+05
8.699207337020961717e+00,4.483750053405761804e+01,4.908274612426757777e+00,6.419999999999999929e+00,0.000000000000000000e+00
8.699255303978054243e+00,4.483750053405761804e+01,5.004208526611328089e+00,6.419999999999999929e+00,3.750000000000000000e+05
8.738591425083001241e+00,4.754549942016601527e+00,1.063749929428100671e+01,6.419999999999999929e+00,0.000000000000000000e+00
8.738932727001030187e+00,5.437153778076171839e+00,1.063749929428100671e+01,6.419999999999999929e+00,3.750000000000000000e+05
8.777598962712342967e+00,4.483750053405761804e+01,5.100141487121581996e+00,6.419999999999999929e+00,0.000000000000000000e+00
8.777646929669435494e+00,4.483750053405761804e+01,5.196075401306152308e+00,6.419999999999999929e+00,3.750000000000000000e+05
8.815643279858131010e+00,6.119757614135742152e+00,1.063749929428100671e+01,6.419999999999999929e+00,0.000000000000000000e+00
8.815984581299323608e+00,6.802360496520996058e+00,1.063749929428100671e+01,6.419999999999999929e+00,3.750000000000000000e+05
8.853311046883177937e+00,4.483750053405761804e+01,5.292009315490722621e+00,6.419999999999999929e+00,0.000000000000000000e+00
8.853359013840270464e+00,4.483750053405761804e+01,5.387943229675292933e+00,6.419999999999999929e+00,3.750000000000000000e+05
8.890015594819283606e+00,7.484963378906249964e+00,1.063749929428100671e+01,6.419999999999999929e+00,0.000000000000000000e+00
8.890356896260476205e+00,8.167566261291504759e+00,1.063749929428100671e+01,6.419999999999999929e+00,3.750000000000000000e+05
8.926343592763632984e+00,4.483750053405761804e+01,5.483876190185546839e+00,6.419999999999999929e+00,0.000000000000000000e+00
8.926391559720725510e+00,4.483750053405761804e+01,5.579810104370117152e+00,6.419999999999999929e+00,3.750000000000000000e+05
8.961708370701263249e+00,8.850170097351075071e+00,1.063749929428100671e+01,6.419999999999999929e+00,0.000000000000000000e+00
8.962049672142455847e+00,9.532772979736328978e+00,1.063749929428100671e+01,6.419999999999999929e+00,3.750000000000000000e+05
8.996696598518154175e+00,4.483750053405761804e+01,5.675744018554687464e+00,6.419999999999999929e+00,0.000000000000000000e+00
8.996744564998408578e+00,4.483750053405761804e+01,5.771676979064941371e+00,6.419999999999999929e+00,3.750000000000000000e+05
9.030721606898250542e+00,1.021537586212158288e+01,1.063749929428100671e+01,6.419999999999999929e+00,0.000000000000000000e+00
9.031062908816279489e+00,1.089797969818115320e+01,1.063749929428100671e+01,6.419999999999999929e+00,3.750000000000000000e+05
9.064370065193502413e+00,4.483750053405761804e+01,5.867610893249511683e+00,6.419999999999999929e+00,0.000000000000000000e+00
9.064418032150594939e+00,4.483750053405761804e+01,5.963544807434081996e+00,6.419999999999999929e+00,3.750000000000000000e+05
9.097055303922976677e+00,1.158058258056640710e+01,1.063749929428100671e+01,6.419999999999999929e+00,0.000000000000000000e+00
9.097396605364169275e+00,1.226318546295166101e+01,1.063749929428100671e+01,6.419999999999999929e+00,3.750000000000000000e+05
9.129363992660696425e+00,4.483750053405761804e+01,6.059477767944335902e+00,6.419999999999999929e+00,0.000000000000000000e+00
9.129411959617788952e+00,4.483750053405761804e+01,6.155411682128906214e+00,6.419999999999999929e+00,3.750000000000000000e+05
9.160709462309474915e+00,1.294578834533691492e+01,1.063749929428100671e+01,6.419999999999999929e+00,0.000000000000000000e+00
9.161050764227503862e+00,1.362839218139648523e+01,1.063749929428100671e+01,6.419999999999999929e+00,3.750000000000000000e+05
9.191678381396570785e+00,4.483750053405761804e+01,6.251345596313476527e+00,6.419999999999999929e+00,0.000000000000000000e+00
9.191726347876825187e+00,4.483750053405761804e+01,6.347278556823730433e+00,6.419999999999999929e+00,3.750000000000000000e+05
9.221684080570035746e+00,1.431099506378173913e+01,1.063749929428100671e+01,6.419999999999999929e+00,0.000000000000000000e+00
9.222025382011228345e+00,1.499359794616699304e+01,1.063749929428100671e+01,6.419999999999999929e+00,3.750000000000000000e+05
9.251313230099597718e+00,4.483750053405761804e+01,6.443212471008300746e+00,6.419999999999999929e+00,0.000000000000000000e+00
9.251361197056690244e+00,4.483750053405761804e+01,6.539146385192871058e+00,6.419999999999999929e+00,3.750000000000000000e+05
9.279979159622442353e+00,1.567620178222656335e+01,1.063749929428100671e+01,6.419999999999999929e+00,0.000000000000000000e+00
9.280320461063634951e+00,1.635880466461181726e+01,1.063749929428100671e+01,6.419999999999999929e+00,3.750000000000000000e+05
9.308268539024545873e+00,4.483750053405761804e+01,6.635080299377441371e+00,6.419999999999999929e+00,0.000000000000000000e+00
9.308316505504800276e+00,4.483750053405761804e+01,6.731013259887695277e+00,6.419999999999999929e+00,3.750000000000000000e+05
9.335594698072076980e+00,1.704140850067138757e+01,1.063749929428100671e+01,6.419999999999999929e+00,0.000000000000000000e+00
9.335935999036433230e+00,1.772401042938232507e+01,1.063749929428100671e+01,6.419999999999999929e+00,3.750000000000000000e+05
9.362544307916646602e+00,4.483750053405761804e+01,6.826947174072265589e+00,6.419999999999999929e+00,0.000000000000000000e+00
9.362592274873739129e+00,4.483750053405761804e+01,6.922881088256835902e+00,6.419999999999999929e+00,3.750000000000000000e+05
9.388530698231333460e+00,1.840661426544189538e+01,1.063749929428100671e+01,6.419999999999999929e+00,0.000000000000000000e+00
9.388872000149362407e+00,1.908921810150146570e+01,1.063749929428100671e+01,6.419999999999999929e+00,3.750000000000000000e+05
9.414140538113324297e+00,4.483750053405761804e+01,7.018814048767089808e+00,6.419999999999999929e+00,0.000000000000000000e+00
9.414188505070416824e+00,4.483750053405761804e+01,7.114747962951660121e+00,6.419999999999999929e+00,3.750000000000000000e+05
9.438787159347315381e+00,1.977182003021240320e+01,1.063749929428100671e+01,6.419999999999999929e+00,0.000000000000000000e+00
9.439128461265344328e+00,2.045442386627197351e+01,1.063749929428100671e+01,6.419999999999999929e+00,3.750000000000000000e+05
9.463057230019623844e+00,4.483750053405761804e+01,7.210681877136230433e+00,6.419999999999999929e+00,0.000000000000000000e+00
9.463105196499878247e+00,4.483750053405761804e+01,7.306614837646484339e+00,6.419999999999999929e+00,3.750000000000000000e+05
9.486364079975246000e+00,2.113702758312225427e+01,1.063749929428100671e+01,6.419999999999999929e+00,0.000000000000000000e+00
9.486705380939602250e+00,2.181962951183319177e+01,1.063749929428100671e+01,6.419999999999999929e+00,3.750000000000000000e+05
9.509294380727906670e+00,4.483750053405761804e+01,7.402548751831054652e+00,6.419999999999999929e+00,0.000000000000000000e+00
9.509342347684999197e+00,4.483750053405761804e+01,7.498482666015624964e+00,6.419999999999999929e+00,3.750000000000000000e+05
9.531261461948892233e+00,2.250223334975540723e+01,1.063749929428100671e+01,6.419999999999999929e+00,0.000000000000000000e+00
9.531602763865990369e+00,2.318483718395233240e+01,1.063749929428100671e+01,6.419999999999999929e+00,3.750000000000000000e+05
9.552851992738043307e+00,4.483750053405761804e+01,7.594415626525878871e+00,6.419999999999999929e+00,0.000000000000000000e+00
9.552899959695135834e+00,4.483750053405761804e+01,7.690349540710449183e+00,6.419999999999999929e+00,3.750000000000000000e+05
9.573479304880125440e+00,2.386743911266326990e+01,1.063749929428100671e+01,6.419999999999999929e+00,0.000000000000000000e+00
9.573820606857760040e+00,2.455004306793212976e+01,1.063749929428100671e+01,6.419999999999999929e+00,3.750000000000000000e+05
9.593730066405408152e+00,4.483750053405761804e+01,7.786283454895019496e+00,6.419999999999999929e+00,0.000000000000000000e+00
9.593778033362500679e+00,4.483750053405761804e+01,7.882217369079589808e+00,6.419999999999999929e+00,3.750000000000000000e+05
9.613017609223085458e+00,2.523264499664306726e+01,1.063749929428100671e+01,6.419999999999999929e+00,0.000000000000000000e+00
9.613358911141114405e+00,2.591524883270263757e+01,1.063749929428100671e+01,6.419999999999999929e+00,3.750000000000000000e+05
9.631928601608066742e+00,4.483750053405761804e+01,7.978150329589843714e+00,6.419999999999999929e+00,0.000000000000000000e+00
9.631976568565159269e+00,4.483750053405761804e+01,8.074084243774414915e+00,6.419999999999999929e+00,3.750000000000000000e+05
9.649876373509492566e+00,2.659785266876220788e+01,1.063749929428100671e+01,6.419999999999999929e+00,0.000000000000000000e+00
9.650217674473848817e+00,2.728045459747314538e+01,1.063749929428100671e+01,6.419999999999999929e+00,3.750000000000000000e+05
9.667447595731118781e+00,4.483750053405761804e+01,8.170018157958985228e+00,6.419999999999999929e+00,0.000000000000000000e+00
9.667495562688211308e+00,4.483750053405761804e+01,8.265952072143555540e+00,6.419999999999999929e+00,3.750000000000000000e+05
9.684055598422862232e+00,2.796305843353271570e+01,1.063749929428100671e+01,6.419999999999999929e+00,0.000000000000000000e+00
9.684396900340891179e+00,2.864566226959228601e+01,1.063749929428100671e+01,6.419999999999999929e+00,3.750000000000000000e+05
9.700287050681909662e+00,4.483750053405761804e+01,8.361885032653809446e+00,6.419999999999999929e+00,0.000000000000000000e+00
9.700335017639002189e+00,4.483750053405761804e+01,8.457818946838379759e+00,6.419999999999999929e+00,3.750000000000000000e+05
9.715555284292957339e+00,2.932826419830322351e+01,1.063749929428100671e+01,6.419999999999999929e+00,0.000000000000000000e+00
9.715896586210986285e+00,3.001086803436279382e+01,1.063749929428100671e+01,6.419999999999999929e+00,3.750000000000000000e+05
9.730446967342322395e+00,4.483750053405761804e+01,8.553752861022950071e+00,6.419999999999999929e+00,0.000000000000000000e+00
9.730494933822576797e+00,4.483750053405761804e+01,8.649685821533203978e+00,6.419999999999999929e+00,3.750000000000000000e+05
9.744375429560278690e+00,3.069347187042236413e+01,1.063749929428100671e+01,6.419999999999999929e+00,0.000000000000000000e+00
9.744716730524634940e+00,3.137607379913330163e+01,1.063749929428100671e+01,6.419999999999999929e+00,3.750000000000000000e+05
9.757927342575273499e+00,4.483750053405761804e+01,8.745619735717774290e+00,6.419999999999999929e+00,0.000000000000000000e+00
9.757975309532366026e+00,4.483750053405761804e+01,8.841553649902344603e+00,6.419999999999999929e+00,3.750000000000000000e+05
9.770516036060387322e+00,3.205867763519287195e+01,1.063749929428100671e+01,6.419999999999999929e+00,0.000000000000000000e+00
9.770857337024743572e+00,3.274127956390380945e+01,1.063749929428100671e+01,6.419999999999999929e+00,3.750000000000000000e+05
9.782728179994686357e+00,4.483750053405761804e+01,8.937486610412598509e+00,6.419999999999999929e+00,0.000000000000000000e+00
9.782776146951778884e+00,4.483750053405761804e+01,9.033420524597168821e+00,6.419999999999999929e+00,3.750000000000000000e+05
9.793977102563546921e+00,3.342388530731201257e+01,1.063749929428100671e+01,6.419999999999999929e+00,0.000000000000000000e+00
9.794318403527903172e+00,3.410648723602295007e+01,1.063749929428100671e+01,6.419999999999999929e+00,3.750000000000000000e+05
9.804849475452607876e+00,4.483750053405761804e+01,9.129354438781739134e+00,6.419999999999999929e+00,0.000000000000000000e+00
9.804897441932862279e+00,4.483750053405761804e+01,9.225287399291993040e+00,6.419999999999999929e+00,3.750000000000000000e+05
9.814758630299490250e+00,3.478908916473388757e+01,1.063749929428100671e+01,6.419999999999999929e+00,0.000000000000000000e+00
9.815099933171193669e+00,3.547169490814209070e+01,1.063749929428100671e+01,6.419999999999999929e+00,3.750000000000000000e+05
9.824291234179646892e+00,4.483750053405761804e+01,9.321221313476563353e+00,6.419999999999999929e+00,0.000000000000000000e+00
9.824339201136739419e+00,4.483750053405761804e+01,9.417155227661133665e+00,6.419999999999999929e+00,3.750000000000000000e+05
9.832860618458129309e+00,3.615429683685302820e+01,1.063749929428100671e+01,6.419999999999999929e+00,0.000000000000000000e+00
9.833201919422485560e+00,3.683689876556396570e+01,1.063749929428100671e+01,6.419999999999999929e+00,3.750000000000000000e+05
9.841053453185796940e+00,4.483750053405761804e+01,9.513088188171387571e+00,6.419999999999999929e+00,0.000000000000000000e+00
9.841101420142889467e+00,4.483750053405761804e+01,9.609022102355957884e+00,6.419999999999999929e+00,3.750000000000000000e+05
9.848283066548027875e+00,3.751950450897216882e+01,1.063749929428100671e+01,6.419999999999999929e+00,0.000000000000000000e+00
9.848624367512384126e+00,3.820210643768310632e+01,1.063749929428100671e+01,6.419999999999999929e+00,3.750000000000000000e+05
9.855136130230459202e+00,4.483750053405761804e+01,9.704956016540528196e+00,6.419999999999999929e+00,0.000000000000000000e+00
9.855184097187551728e+00,4.483750053405761804e+01,9.800889930725098509e+00,6.419999999999999929e+00,3.750000000000000000e+05
9.861025977136341325e+00,3.888470741271972742e+01,1.063749929428100671e+01,6.419999999999999929e+00,0.000000000000000000e+00
9.861367280008044744e+00,3.956731315612793054e+01,1.063749929428100671e+01,6.419999999999999929e+00,3.750000000000000000e+05
9.866539272792136828e+00,4.483750053405761804e+01,9.896822414398194212e+00,6.419999999999999929e+00,0.000000000000000000e+00
9.866587239749229354e+00,4.483750053405761804e+01,9.992756328582764525e+00,6.419999999999999929e+00,3.750000000000000000e+05
9.871089348846258105e+00,4.024991508483886804e+01,1.063749929428100671e+01,6.419999999999999929e+00,0.000000000000000000e+00
9.871430649810614355e+00,4.093251701354980554e+01,1.063749929428100671e+01,6.419999999999999929e+00,3.750000000000000000e+05
9.875262875220579772e+00,4.483750053405761804e+01,1.008869024276733484e+01,6.419999999999999929e+00,0.000000000000000000e+00
9.875310841700834175e+00,4.483750053405761804e+01,1.018462320327758874e+01,6.419999999999999929e+00,3.750000000000000000e+05
9.878473179881611443e+00,4.161512275695800867e+01,1.063749929428100671e+01,6.419999999999999929e+00,0.000000000000000000e+00
9.878814480845967694e+00,4.229772468566894617e+01,1.063749929428100671e+01,6.419999999999999929e+00,3.750000000000000000e+05
9.881306935339681630e+00,4.483750053405761804e+01,1.028055711746215906e+01,6.419999999999999929e+00,0.000000000000000000e+00
9.881354902296774156e+00,4.483750053405761804e+01,1.037649103164672937e+01,6.419999999999999929e+00,3.750000000000000000e+05
9.883177473103424759e+00,4.298032661437988367e+01,1.063749929428100671e+01,6.419999999999999929e+00,0.000000000000000000e+00
9.883518775975128179e+00,4.366293235778808679e+01,1.063749929428100671e+01,6.419999999999999929e+00,3.750000000000000000e+05
9.884671459552590633e+00,4.483750053405761804e+01,1.047242399215698327e+01,6.419999999999999929e+00,0.000000000000000000e+00
9.884719426509683160e+00,4.483750053405761804e+01,1.056835790634155359e+01,6.419999999999999929e+00,3.750000000000000000e+05
9.885202226400082282e+00,4.434553428649902429e+01,1.063749929428100671e+01,6.419999999999999929e+00,0.000000000000000000e+00
9.885680327709662762e+00,4.483750053405761804e+01,1.063749929428100671e+01,6.419999999999999929e+00,3.750000000000000000e+05
9.895889269003422584e+00,4.483750053405761804e+01,1.324987030029297075e-01,6.419999999999999929e+00,3.750000000000000000e+05
9.939334363105515990e+00,1.324987030029297075e-01,1.324987030029297075e-01,6.419999999999999929e+00,3.750000000000000000e+05
9.949543304399275812e+00,1.324987030029297075e-01,1.063749929428100671e+01,6.419999999999999929e+00,3.750000000000000000e+05
9.971895805314803241e+00,4.483750053405761804e+01,1.063749929428100671e+01,6.419999999999999929e+00,0.000000000000000000e+00
9.982151010556645332e+00,4.488499923706054773e+01,8.500000000000000611e-02,6.419999999999999929e+00,3.750000000000000000e+05
9.992452273363054971e+00,4.488499923706054773e+01,1.068499942779541101e+01,6.419999999999999929e+00,3.750000000000000000e+05
1.003598968758760357e+01,8.500000000000000611e-02,1.068499942779541101e+01,6.419999999999999929e+00,3.750000000000000000e+05
1.004629095039401321e+01,8.500000000000000611e-02,8.500000000000000611e-02,6.419999999999999929e+00,3.750000000000000000e+05
1.006869095001254344e+01,4.488499923706054773e+01,8.500000000000000611e-02,6.419999999999999929e+00,0.000000000000000000e+00
